38
0 45.1774 40.05 35.0571 45 35 45.0444 35.0571 45.2769 58.5235 55.7136 52 51.0784 47.4342 45.0444 38.0526 35.3412 33.541 18.0278 26.9258 47.1699 39.0512 13.0384 25.2982 9.21954 36.0555 57.0088 42.9418 49.98 14.7648 27.0185 35.4683 52.4786 12.0416 14.7648 20.6155 48.1664 14.1421
55.1774 10 15.3852 20.198 14 20.7703 16 21.6619 19 66.7979 64.1202 60.6063 59.7393 60.8035 12 17.2801 51.0366 28.6011 40.5941 34.4131 39.4279 35.807 42.1403 52.0595 58.7647 38.3019 49 27.4642 31.095 51.6293 37.2947 36.1725 33 47.3363 49.0512 44.176 52.0595 60.3289
50.05 15.3852 10 15 15.3852 15.3852 16.4031 16.4031 18.6023 66.648 63.8516 60.1597 59.2443 59.7393 15 12 49.0512 26.4012 36.2488 29.2094 37 35.0799 37.0185 48.833 53.4166 34.1661 47.3363 28.1108 30.2485 46.2491 34.2074 34.6982 35.4951 42.7567 44.7851 40.4138 48.833 54.9444
45.0571 20.198 15 10 20.198 12 20.7703 14 22.2066 65.0818 62.2015 58.3839 57.4342 57.4236 20 13 46.0555 23.9284 31.5407 25.6205 37.4591 33.5372 32.0227 44.8281 48.6005 32.561 48.3275 28.2483 32.4722 41.7648 30.5183 32.4722 36.9258 37.8927 40.0832 36.0768 48.1182 50.3113
55 14 15.3852 20.198 10 20 12 20.198 15 70.4152 67.6975 64.1202 63.2353 64.0833 12 17.2801 53.8634 31.2132 41.6228 32.3607 35.4951 39.1548 42.0156 54.1022 57.8539 35 45 31.1896 27.1172 50.1622 39.4109 39.2062 37 48.0789 50.1622 45.7771 48.2753 59.0408
45 20.7703 15.3852 12 20 10 20.198 12 21.1803 67.0088 64.1202 60.2892 59.3356 59.2443 20.198 13.6056 47.7359 25.8114 32.3607 24.1421 35.4951 35.4951 32.0227 46.1248 48.0789 30.6155 46.4005 30.2237 30.8087 40.8707 32.0227 34.3516 38.7924 38.4605 40.8707 37.2029 46.1248 49.5601
55.0444 16 16.4031 20.7703 12 20.198 10 20 13 72.2415 69.5063 65.9017 65.0091 65.7584 14 18.0623 55.3431 32.6716 42.311 31.5407 33.5372 40.8869 42.1403 55.2217 57.5184 33.4307 43 33.0868 25.1327 49.5601 40.6105 40.8058 39 48.6005 50.8534 46.7151 46.4005 58.5077
45.0571 21.6619 16.4031 14 20.198 12 20 10 20.4403 68.9406 66.0446 62.2015 61.2445 61.0784 20.7703 15 49.4462 27.72 33.3238 22.8062 33.5372 37.4591 32.2036 47.4833 47.6563 28.6815 44.4819 32.2036 29.2094 40.0832 33.6008 36.2488 40.6757 39.1548 41.7648 38.4253 44.1321 48.8973
55.2769 19 18.6023 22.2066 15 21.1803 13 20.4403 10 75 72.2415 68.6003 67.6975 68.3095 17 19.8995 57.634 35 43.541 30.6155 30.6155 43.541 42.5576 57.0106 57.1699 31.2132 40 35.9615 22.1655 48.833 42.5576 43.2866 42 49.5601 52.0476 48.2753 43.6155 57.8539
68.5235 66.7979 66.648 65.0818 70.4152 67.0088 72.2415 68.9406 75 10 13 17 18 21.1803 68.6003 65.9732 33.5372 51.2311 55.2769 75.192 92.4621 41.6228 64.4518 43.2415 77.6757 85.6637 103.408 49.3573 86.896 79.2315 48.0132 42.7567 47.5366 57.5395 53.9659 49.6232 101.788 82.4224
65.7136 64.1202 63.8516 62.2015 67.6975 64.1202 69.5063 66.0446 72.2415 13 10 14 15 18.6023 65.9017 63.1413 30.6155 48.3275 52.2966 72.2013 89.555 38.7924 61.4782 40.4631 74.846 82.6911 100.521 46.7151 84.0945 76.2873 45.0143 39.8329 45.3553 54.643 51.1096 46.6742 98.8144 79.5701
62 60.6063 60.1597 58.3839 64.1202 60.2892 65.9017 62.2015 68.6003 17 14 10 11 15.831 62.3546 59.3964 26.7631 44.4819 48.3275 68.2151 85.6902 35.0799 57.5184 36.8328 71.0983 78.7314 96.6833 43.2866 80.3847 72.3699 41.0161 35.9615 42.6497 50.8044 47.3363 42.7567 94.8528 75.7875
61.0784 59.7393 59.2443 57.4342 63.2353 59.3356 65.0091 61.2445 67.6975 18 15 11 10 15.3852 61.4782 58.4665 25.8114 43.5261 47.3363 67.2189 84.7262 34.1661 56.5296 35.9422 70.1664 77.7422 95.7263 42.45 79.4622 71.3922 40.0167 35 42.0156 49.8497 46.4005 41.7805 93.863 74.846
57.4342 60.8035 59.7393 57.4236 64.0833 59.2443 65.7584 61.0784 68.3095 21.1803 18.6023 15.831 15.3852 10 62.4309 58.7647 23 43.541 45 65.9017 84.3303 35 54.0454 32.1359 66.6127 76.7083 95.44 43.9706 79.7711 68.5491 38.6356 35.0599 44.9857 46.6742 42.9848 39.0689 92.7647 71.4003
55.0444 12 15 20 12 20.198 14 20.7703 17 68.6003 65.9017 62.3546 61.4782 62.4309 10 17 52.4264 29.8494 41.0483 33.3238 37.4591 37.4591 42.0156 53.0465 58.2701 36.6271 47 29.3132 29.105 50.8534 38.3019 37.6586 35 47.6563 49.5601 44.9285 50.1622 59.6488
48.0526 17.2801 12 13 17.2801 13.6056 18.0623 15 19.8995 65.9732 63.1413 59.3964 58.4665 58.7647 17 10 47.8021 25.2643 34.3516 27.6918 37.074 34.3516 35.02 47.2022 51.4849 33.4094 47.6563 28 31.0238 44.4384 32.6716 33.7065 35.9615 40.8058 42.8938 38.6531 48.4708 53.0813
45.3412 51.0366 49.0512 46.0555 53.8634 47.7359 55.3431 49.4462 57.634 33.5372 30.6155 26.7631 25.8114 23 52.4264 47.8021 10 32.6716 32 53.1741 72.2415 26.5529 41.0644 20.6301 54.3847 64.1202 83.4098 35.9422 68.5235 55.7056 26.1555 25 40.4138 34.0416 30.6155 26.1245 80.0928 59.0408
43.541 28.6011 26.4012 23.9284 31.2132 25.8114 32.6716 27.72 35 51.2311 48.3275 44.4819 43.5261 43.541 29.8494 25.2643 32.6716 10 25.8114 35.4951 51.2311 20 32.0227 33.7697 50 45 62.2015 19.434 46.2353 46.2353 19.2195 18.544 29.2094 32.8035 33.0868 27.0294 61.0392 53.1856
28.0278 40.5941 36.2488 31.5407 41.6228 32.3607 42.311 33.3238 43.541 55.2769 52.2966 48.3275 47.3363 45 41.0483 34.3516 32 25.8114 10 32.3607 53.0116 31.2132 19.2195 25.6525 35.4951 43.541 64.0833 35.0799 51.8688 34.3516 19.2195 27.6918 44.4819 17.0711 18.544 16.3246 59.0408 39.4109
36.9258 34.4131 29.2094 25.6205 32.3607 24.1421 31.5407 22.8062 30.6155 75.192 72.2013 68.2151 67.2189 65.9017 33.3238 27.6918 53.1741 35.4951 32.3607 10 31.2132 45.3553 26.2788 48.0132 37.0185 21.1803 42.0156 42.6956 33.0868 28.2483 37.2947 43.0606 52.0595 35.4951 39.2062 38.6356 36.9258 37.2947
57.1699 39.4279 37 37.4591 35.4951 35.4951 33.5372 33.5372 30.6155 92.4621 89.555 85.6902 84.7262 84.3303 37.4591 37.074 72.2415 51.2311 53.0116 31.2132 10 60.9902 47.4833 68.5235 54.9444 21.1803 21.1803 55.0444 20.6301 45.1141 56.0977 59.7293 62.2398 56.6905 60.3289 59.0918 23.6015 53.4166
49.0512 35.807 35.0799 33.5372 39.1548 35.4951 40.8869 37.4591 43.541 41.6228 38.7924 35.0799 34.1661 35 37.4591 34.3516 26.5529 20 31.2132 45.3553 60.9902 10 39.4109 32.0227 56.6905 55 71.8466 19.434 55.31 54.4185 22.0416 13.6056 25.1327 37.2029 35.9422 29.2354 71.0328 60.448
23.0384 42.1403 37.0185 32.0227 42.0156 32.0227 42.1403 32.2036 42.5576 64.4518 61.4782 57.5184 56.5296 54.0454 42.0156 35.02 41.0644 32.0227 19.2195 26.2788 47.4833 39.4109 10 33.5372 28.0278 37.0185 58.1664 41.4006 48.4708 25.2315 27.8885 36.0768 51.2311 19.434 23.4164 25 51.5933 31.2132
35.2982 52.0595 48.833 44.8281 54.1022 46.1248 55.2217 47.4833 57.0106 43.2415 40.4631 36.8328 35.9422 32.1359 53.0465 47.2022 20.6301 33.7697 25.6525 48.0132 68.5235 32.0227 33.5372 10 44.4819 59.1935 79.6419 40.2655 66.5862 47.0135 24.7648 29.0263 47.1214 25 21.0454 19.434 74.622 49.2938
19.2195 58.7647 53.4166 48.6005 57.8539 48.0789 57.5184 47.6563 57.1699 77.6757 74.846 71.0983 70.1664 66.6127 58.2701 51.4849 54.3847 50 35.4951 37.0185 54.9444 56.6905 28.0278 44.4819 10 43.8378 63.7122 59.4065 59.6488 19.8489 44.7131 53.1856 69.203 30.5913 33.7697 39.1548 53.4166 15
46.0555 38.3019 34.1661 32.561 35 30.6155 33.4307 28.6815 31.2132 85.6637 82.6911 78.7314 77.7422 76.7083 36.6271 33.4094 64.1202 45 43.541 21.1803 21.1803 55 37.0185 59.1935 43.8378 10 31.2132 50.7922 27.2627 34.0416 48.0789 53.1045 59.3356 46.4005 50.2244 49.8121 26.1245 42.5576
67.0088 49 47.3363 48.3275 45 46.4005 43 44.4819 40 103.408 100.521 96.6833 95.7263 95.44 47 47.6563 83.4098 62.2015 64.0833 42.0156 21.1803 71.8466 58.1664 79.6419 63.7122 31.2132 10 65.4437 28.1108 53.909 67.2713 70.7289 72 67.4891 71.2209 70.208 23.0384 61.4782
52.9418 27.4642 28.1108 28.2483 31.1896 30.2237 33.0868 32.2036 35.9615 49.3573 46.7151 43.2866 42.45 43.9706 29.3132 28 35.9422 19.434 35.0799 42.6956 55.0444 19.434 41.4006 40.2655 59.4065 50.7922 65.4437 10 48.0789 55.2769 27.2627 21.4018 19.8995 41.9531 41.7805 35.318 66.3205 62.4976
59.98 31.095 30.2485 32.4722 27.1172 30.8087 25.1327 29.2094 22.1655 86.896 84.0945 80.3847 79.4622 79.7711 29.105 31.0238 68.5235 46.2353 51.8688 33.0868 20.6301 55.31 48.4708 66.5862 59.6488 27.2627 28.1108 48.0789 10 50.1995 52.8019 54.7214 54.0454 56.8722 60 57.3814 34.2074 59.0918
24.7648 51.6293 46.2491 41.7648 50.1622 40.8707 49.5601 40.0832 48.833 79.2315 76.2873 72.3699 71.3922 68.5491 50.8534 44.4384 55.7056 46.2353 34.3516 28.2483 45.1141 54.4185 25.2315 47.0135 19.8489 34.0416 53.909 55.2769 50.1995 10 43.1059 51.1825 65.1725 32.0227 36 39.6142 43.9706 19.0554
37.0185 37.2947 34.2074 30.5183 39.4109 32.0227 40.6105 33.6008 42.5576 48.0132 45.0143 41.0161 40.0167 38.6356 38.3019 32.6716 26.1555 19.2195 19.2195 37.2947 56.0977 22.0416 27.8885 24.7648 44.7131 48.0789 67.2713 27.2627 52.8019 43.1059 10 18.4853 36 25.2643 24.5602 18.0623 64.1295 48.6005
45.4683 36.1725 34.6982 32.4722 39.2062 34.3516 40.8058 36.2488 43.2866 42.7567 39.8329 35.9615 35 35.0599 37.6586 33.7065 25 18.544 27.6918 43.0606 59.7293 13.6056 36.0768 29.0263 53.1856 53.1045 70.7289 21.4018 54.7214 51.1825 18.4853 10 28.4391 33.6008 32.3607 25.6525 69.2115 57.0106
62.4786 33 35.4951 36.9258 37 38.7924 39 40.6757 42 47.5366 45.3553 42.6497 42.0156 44.9857 35 35.9615 40.4138 29.2094 44.4819 52.0595 62.2398 25.1327 51.2311 47.1214 69.203 59.3356 72 19.8995 54.0454 65.1725 36 28.4391 10 51.1461 50.4969 43.8378 74.3273 72.3699
22.0416 47.3363 42.7567 37.8927 48.0789 38.4605 48.6005 39.1548 49.5601 57.5395 54.643 50.8044 49.8497 46.6742 47.6563 40.8058 34.0416 32.8035 17.0711 35.4951 56.6905 37.2029 19.434 25 30.5913 46.4005 67.4891 41.9531 56.8722 32.0227 25.2643 33.6008 51.1461 10 14.1231 18.6023 61 35.0799
24.7648 49.0512 44.7851 40.0832 50.1622 40.8707 50.8534 41.7648 52.0476 53.9659 51.1096 47.3363 46.4005 42.9848 49.5601 42.8938 30.6155 33.0868 18.544 39.2062 60.3289 35.9422 23.4164 21.0454 33.7697 50.2244 71.2209 41.7805 60 36 24.5602 32.3607 50.4969 14.1231 10 16.7082 65.0091 38.4605
30.6155 44.176 40.4138 36.0768 45.7771 37.2029 46.7151 38.4253 48.2753 49.6232 46.6742 42.7567 41.7805 39.0689 44.9285 38.6531 26.1245 27.0294 16.3246 38.6356 59.0918 29.2354 25 19.434 39.1548 49.8121 70.208 35.318 57.3814 39.6142 18.0623 25.6525 43.8378 18.6023 16.7082 10 65.3624 43.541
58.1664 52.0595 48.833 48.1182 48.2753 46.1248 46.4005 44.1321 43.6155 101.788 98.8144 94.8528 93.863 92.7647 50.1622 48.4708 80.0928 61.0392 59.0408 36.9258 23.6015 71.0328 51.5933 74.622 53.4166 26.1245 23.0384 66.3205 34.2074 43.9706 64.1295 69.2115 74.3273 61 65.0091 65.3624 10 50.4969
24.1421 60.3289 54.9444 50.3113 59.0408 49.5601 58.5077 48.8973 57.8539 82.4224 79.5701 75.7875 74.846 71.4003 59.6488 53.0813 59.0408 53.1856 39.4109 37.2947 53.4166 60.448 31.2132 49.2938 15 42.5576 61.4782 62.4976 59.0918 19.0554 48.6005 57.0106 72.3699 35.0799 38.4605 43.541 50.4969 10
0         960      
218       571      
85        542      
391       802      
45        517      
229       640      
45        523      
389       914      
386       904      
389       788      
55        575      
90        521      
425       898      
342       751      
396       904      
341       658      
351       782      
161       610      
390       843      
227       686      
401       902      
39        593      
404       847      
100       555      
9         510      
430       913      
63        520      
125       530      
390       900      
14        506      
259       650      
198       609      
325       897      
442       937      
14        581      
20        539      
426       787      
14        499      
