38
0 38.0789 30.8058 39.3573 36.0555 40.3113 33.3017 35.3553 39.0512 33.5261 32.3883 35.3553 39.2938 41.2311 40.3113 44.2041 40.6079 38.0789 37.7359 37.2022 38.3275 20 18.0278 14.1421 26.9258 10 9.21954 19.6469 39.2938 32.5576 38.4708 17.8885 4.24264 21.095 15.5242 14.1421 20.5183 19.2354
48.0789 10 20.4403 13 17.0711 15 22.2066 24.1421 21.1803 58.1041 53.4626 54.7214 60.5371 61.4782 57.1699 52 50.1123 40 15.831 18.6023 56.1411 45.3553 49.0512 35.4951 36.9258 39.1548 43.541 28.868 43.9706 43.6155 35.4951 37.0185 49.8497 58.8365 53.1393 43.0151 60.01 28.9737
40.8058 20.4403 10 20 15.3852 20.198 14 17 18.6023 47.6962 43.1059 44.4819 50.3113 51.3401 47.2022 56.0977 53.566 44.4819 17.2801 16.4031 46.0555 35.0799 46.2491 27 26.5529 33.4307 34.6982 24.3178 35 33.6008 27.4642 27.1172 41.7648 55.2769 49.1152 33.3452 50.1995 22.0416
49.3573 13 20 10 15.3852 12 20.7703 22.2066 18.6023 57.1275 52.3792 53.4626 59.2443 60.0899 55.6508 55 53.1045 43 13.6056 16.4031 54.7214 45.0571 51.4005 36.2488 35.9615 40.8058 44.2053 30.6155 42.0156 42.2025 33.3452 37.074 50.8534 61.0882 55.2769 43.2415 60.1597 30.1246
46.0555 17.0711 15.3852 15.3852 10 15 15.3852 17.0711 15 51.7612 47 48.0789 53.8634 54.7214 50.3113 57.2652 55.0444 45.3553 12 12 49.3573 40 50.3113 32.3607 30.6155 38.2843 40.0832 28.6011 36.9072 36.8328 28.4391 32.3607 47.1214 59.6488 53.6005 38.6356 55.3982 27.0294
50.3113 15 20.198 12 15 10 20.198 21.1803 17.0711 56.5725 51.7612 52.72 58.4665 59.2443 54.7214 57 55.0999 45 13 15.3852 53.8634 45 53.0116 36.9258 35.4951 42.0156 44.7851 31.9317 40.8058 41.3847 32.0227 37.2947 51.6293 62.6308 56.7547 43.541 60.3587 31.095
43.3017 22.2066 14 20.7703 15.3852 20.198 10 13 15.831 46.4005 41.6228 42.6956 48.4838 49.3573 44.9857 60.01 57.5184 48.3275 17.2801 15 44 35.0799 49.9249 29.2094 25.2971 36.6271 36.4197 28.0278 31.9317 31.4709 23.8924 28.0278 43.8378 58.7647 52.5441 34.3516 50.7922 25.2643
45.3553 24.1421 17 22.2066 17.0711 21.1803 13 10 15 45.6931 40.8058 41.6228 47.3363 48.0789 43.541 62.9528 60.4876 51.2311 18.6023 15.831 42.6956 35.4951 52.72 31.2132 25 39.1548 38.0179 30.8806 29.8494 30.2485 21.4018 29.2354 45.609 61.4296 55.1774 35.4951 51.4849 27.8885
49.0512 21.1803 18.6023 18.6023 15 17.0711 15.831 15 10 50.6079 45.6931 46.4005 52.0595 52.72 48.0789 62.2398 60.04 50.3113 15.3852 13 47.3363 40.4138 54.7214 35 30 42.0156 42.249 32.8254 33.8537 35 25 33.7697 49.6611 63.8516 57.7074 40.0832 56.3249 30.6155
43.5261 58.1041 47.6962 57.1275 51.7612 56.5725 46.4005 45.6931 50.6079 10 15 15.831 16 18 19.434 84.2024 80.8025 75.0692 53.6807 51.2311 17.8102 25.6205 61.0784 39.7321 31.1896 47.7359 35.9422 49.6232 30.8806 26 38.0713 34.0832 39.8329 64.3415 59.0408 31.6333 28.6815 45.4683
42.3883 53.4626 43.1059 52.3792 47 51.7612 41.6228 40.8058 45.6931 15 10 13 17.8102 19.434 18 81.2811 77.9559 71.7171 48.8973 46.4005 16 23 59.3356 36.6271 26.5529 45.3412 34.0416 46.1248 26.1555 21 33.0868 30.6155 39.0689 63.4603 57.8539 29.3132 30.5913 41.8277
45.3553 54.7214 44.4819 53.4626 48.0789 52.72 42.6956 41.6228 46.4005 15.831 13 10 15.831 17.0711 15 83.7835 80.4911 74.0312 49.9249 47.3363 13 25.8114 62.2015 39.1548 28.0278 48.0789 36.9258 48.4187 25.2971 21.4018 33.0217 33.0217 42.0624 66.4358 60.8035 32.1359 33.2594 44.0588
49.2938 60.5371 50.3113 59.2443 53.8634 58.4665 48.4838 47.3363 52.0595 16 17.8102 15.831 10 12 15.3852 89.0569 85.7166 79.527 55.6946 53.0813 15 30.5913 66.648 44.4093 33.8537 52.9418 41.3847 53.9318 30 27.088 38.2843 38.4253 45.6931 70.208 64.8179 36.8328 34.5153 49.6232
51.2311 61.4782 51.3401 60.0899 54.7214 59.2443 49.3573 48.0789 52.72 18 19.434 17.0711 12 10 15 90.7094 87.3886 81.0634 56.5188 53.8634 15.3852 32.3607 68.5235 46.0555 35 54.7214 43.2415 55.4533 30.0998 27.8885 38.6356 40 47.6563 72.1691 66.7539 38.6356 36.4764 51.1096
50.3113 57.1699 47.2022 55.6508 50.3113 54.7214 44.9857 43.541 48.0789 19.434 18 15 15.3852 15 10 88.032 84.793 78.0074 52.0595 49.3573 12 30.6155 67.0088 43.541 31.2132 52.72 41.7805 52.4382 25.1327 23.6015 33.7697 37.2947 47.054 71.4003 65.7315 36.9258 37.8568 48.0132
54.2041 52 56.0977 55 57.2652 57 60.01 62.9528 62.2398 84.2024 81.2811 83.7835 89.0569 90.7094 88.032 10 13.6056 22 57.0956 59.2544 86.3217 68.6003 37.7308 54.6542 67.6975 46.7967 58.8365 45.7771 79.6419 75.7419 73.3246 60.774 58.4149 43.541 43.2415 62.6308 74.6607 50.2492
50.6079 50.1123 53.566 53.1045 55.0444 55.0999 57.5184 60.4876 60.04 80.8025 77.9559 80.4911 85.7166 87.3886 84.793 13.6056 10 20.4403 55 57.0425 83.0616 65.2178 34.1661 51.3401 64.626 43.3017 55.3431 42.6956 76.7308 72.6498 70.6383 57.5079 54.8219 40.2655 39.7321 59.2037 71.0737 47.1618
48.0789 40 44.4819 43 45.3553 45 48.3275 51.2311 50.3113 75.0692 71.7171 74.0312 79.527 81.0634 78.0074 22 20.4403 10 45.1283 47.3363 76.4003 59.4975 35 45.3553 57.1699 39.1548 50.8044 35.6125 68.6003 65.2268 61.8652 51.1096 52.0476 43.541 41 53.9318 67.8014 40
47.7359 15.831 17.2801 13.6056 12 13 17.2801 18.6023 15.3852 53.6807 48.8973 49.9249 55.6946 56.5188 52.0595 57.0956 55 45.1283 10 12.8284 51.1461 42 51.3401 34.1661 32.561 39.7321 41.9531 29.8494 38.4253 38.6356 29.799 34.3311 48.9102 60.8035 54.8219 40.5941 57.3814 28.6011
47.2022 18.6023 16.4031 16.4031 12 15.3852 15 15.831 13 51.2311 46.4005 47.3363 53.0813 53.8634 49.3573 59.2544 57.0425 47.3363 12.8284 10 48.4838 40.0666 52.0595 33.3238 30.2237 39.7321 40.8707 30.2485 35.6125 36 26.9706 32.8035 48.0789 61.3128 55.2217 39.1204 55.7056 28.3848
48.3275 56.1411 46.0555 54.7214 49.3573 53.8634 44 42.6956 47.3363 17.8102 16 13 15 15.3852 12 86.3217 83.0616 76.4003 51.1461 48.4838 10 28.6815 65.0818 41.7648 29.8494 50.8534 39.8329 50.8044 25 22.53 33.3452 35.5539 45.0571 69.4138 63.7587 35 36 46.4005
30 45.3553 35.0799 45.0571 40 45 35.0799 35.4951 40.4138 25.6205 23 25.8114 30.5913 32.3607 30.6155 68.6003 65.2178 59.4975 42 40.0666 28.6815 10 46.4005 24.1421 21.1803 32.3607 21.1803 34.2074 30.5913 23.4164 32.8035 18.9443 27.2627 51.0488 45.2278 16.3246 26.1555 30.2485
28.0278 49.0512 46.2491 51.4005 50.3113 53.0116 49.9249 52.72 54.7214 61.0784 59.3356 62.2015 66.648 68.5235 67.0088 37.7308 34.1661 35 51.3401 52.0595 65.0818 46.4005 10 35 50 25 35.2982 31.9317 63 57.1699 59.6488 41.0644 32.2036 20 16 40.0832 48.2884 35
24.1421 35.4951 27 36.2488 32.3607 36.9258 29.2094 31.2132 35 39.7321 36.6271 39.1548 44.4093 46.0555 43.541 54.6542 51.3401 45.3553 34.1661 33.3238 41.7648 24.1421 35 10 25 20 18.0623 20.2956 38 32.3607 35.2982 16.3246 24.7648 42.0156 35.7099 18.9443 35.318 17.0711
36.9258 36.9258 26.5529 35.9615 30.6155 35.4951 25.2971 25 30 31.1896 26.5529 28.0278 33.8537 35 31.2132 67.6975 64.626 57.1699 32.561 30.2237 29.8494 21.1803 50 25 10 35 27.8885 31.9317 23 18.0623 22.0416 19.2195 35.5539 56.6905 50.4475 23.6015 37.313 27.4642
20 39.1548 33.4307 40.8058 38.2843 42.0156 36.6271 39.1548 42.0156 47.7359 45.3412 48.0789 52.9418 54.7214 52.72 46.7967 43.3017 39.1548 39.7321 39.7321 50.8534 32.3607 25 20 35 10 22.0416 20.2956 48 42.249 44.9285 26.1245 23.3417 32.4722 26.1555 26.1245 38.6531 21.4018
19.2195 43.541 34.6982 44.2053 40.0832 44.7851 36.4197 38.0179 42.249 35.9422 34.0416 36.9258 41.3847 43.2415 41.7805 58.8365 55.3431 50.8044 41.9531 40.8707 39.8329 21.1803 35.2982 18.0623 27.8885 22.0416 10 27.4642 40.0832 33.3452 39.6816 19.2195 17.8102 40 34.0832 15 27.72 25
29.6469 28.868 24.3178 30.6155 28.6011 31.9317 28.0278 30.8806 32.8254 49.6232 46.1248 48.4187 53.9318 55.4533 52.4382 45.7771 42.6956 35.6125 29.8494 30.2485 50.8044 34.2074 31.9317 20.2956 31.9317 20.2956 27.4642 10 44.2053 39.9666 39.0172 25.5563 32.0907 41.0644 35 29.2354 45.171 14.4721
49.2938 43.9706 35 42.0156 36.9072 40.8058 31.9317 29.8494 33.8537 30.8806 26.1555 25.2971 30 30.0998 25.1327 79.6419 76.7308 68.6003 38.4253 35.6125 25 30.5913 63 38 23 48 40.0832 44.2053 10 17.2111 18.9443 32.0907 47.3363 69.5399 63.3385 35.2982 44.6554 39.8329
42.5576 43.6155 33.6008 42.2025 36.8328 41.3847 31.4709 30.2485 35 26 21 21.4018 27.088 27.8885 23.6015 75.7419 72.6498 65.2268 38.6356 36 22.53 23.4164 57.1699 32.3607 18.0623 42.249 33.3452 39.9666 17.2111 10 22.1655 26.1245 40.3645 63.1507 57.0425 28.4391 37.6586 35.4951
48.4708 35.4951 27.4642 33.3452 28.4391 32.0227 23.8924 21.4018 25 38.0713 33.0868 33.0217 38.2843 38.6356 33.7697 73.3246 70.6383 61.8652 29.799 26.9706 33.3452 32.8035 59.6488 35.2982 22.0416 44.9285 39.6816 39.0172 18.9443 22.1655 10 30.5913 47.4433 67.28 60.9608 35.6125 48.5876 35.02
27.8885 37.0185 27.1172 37.074 32.3607 37.2947 28.0278 29.2354 33.7697 34.0832 30.6155 33.0217 38.4253 40 37.2947 60.774 57.5079 51.1096 34.3311 32.8035 35.5539 18.9443 41.0644 16.3246 19.2195 26.1245 19.2195 25.5563 32.0907 26.1245 30.5913 10 27.0294 47.4833 41.257 16.3246 33.0868 21.4018
14.2426 49.8497 41.7648 50.8534 47.1214 51.6293 43.8378 45.609 49.6611 39.8329 39.0689 42.0624 45.6931 47.6563 47.054 58.4149 54.8219 52.0476 48.9102 48.0789 45.0571 27.2627 32.2036 24.7648 35.5539 23.3417 17.8102 32.0907 47.3363 40.3645 47.4433 27.0294 10 34.5153 29.3132 22.083 26.2788 30.8806
31.095 58.8365 55.2769 61.0882 59.6488 62.6308 58.7647 61.4296 63.8516 64.3415 63.4603 66.4358 70.208 72.1691 71.4003 43.541 40.2655 43.541 60.8035 61.3128 69.4138 51.0488 20 42.0156 56.6905 32.4722 40 41.0644 69.5399 63.1507 67.28 47.4833 34.5153 10 16.3246 45 48.9102 43.541
25.5242 53.1393 49.1152 55.2769 53.6005 56.7547 52.5441 55.1774 57.7074 59.0408 57.8539 60.8035 64.8179 66.7539 65.7315 43.2415 39.7321 41 54.8219 55.2217 63.7587 45.2278 16 35.7099 50.4475 26.1555 34.0832 35 63.3385 57.0425 60.9608 41.257 29.3132 16.3246 10 39.0689 44.6699 37.2947
24.1421 43.0151 33.3452 43.2415 38.6356 43.541 34.3516 35.4951 40.0832 31.6333 29.3132 32.1359 36.8328 38.6356 36.9258 62.6308 59.2037 53.9318 40.5941 39.1204 35 16.3246 40.0832 18.9443 23.6015 26.1245 15 29.2354 35.2982 28.4391 35.6125 16.3246 22.083 45 39.0689 10 27 25.8114
30.5183 60.01 50.1995 60.1597 55.3982 60.3587 50.7922 51.4849 56.3249 28.6815 30.5913 33.2594 34.5153 36.4764 37.8568 74.6607 71.0737 67.8014 57.3814 55.7056 36 26.1555 48.2884 35.318 37.313 38.6531 27.72 45.171 44.6554 37.6586 48.5876 33.0868 26.2788 48.9102 44.6699 27 10 42.3883
29.2354 28.9737 22.0416 30.1246 27.0294 31.095 25.2643 27.8885 30.6155 45.4683 41.8277 44.0588 49.6232 51.1096 48.0132 50.2492 47.1618 40 28.6011 28.3848 46.4005 30.2485 35 17.0711 27.4642 21.4018 25 14.4721 39.8329 35.4951 35.02 21.4018 30.8806 43.541 37.2947 25.8114 42.3883 10
0         960      
613       853      
92        332      
411       651      
584       824      
40        280      
328       568      
240       480      
307       547      
135       375      
163       403      
35        275      
114       354      
195       435      
643       883      
597       837      
497       737      
514       754      
37        277      
429       669      
45        285      
315       555      
541       781      
539       779      
634       874      
552       792      
97        337      
690       930      
226       466      
305       545      
292       532      
200       440      
299       539      
688       928      
502       742      
112       352      
248       488      
690       930      
