33
0 45.1774 40.05 35.0571 45 35 58.5235 57.0088 55.7136 52.2015 52 50.2892 51.0784 51.4782 47.4342 45.0444 38.0526 35.3412 33.541 18.0278 26.9258 39.0512 13.0384 42.9418 7.61577 27.0185 35.4683 32.2025 38.2099 52.4786 14.7648 21.095 20.6155
55.1774 10 15.3852 20.198 14 20.7703 66.7979 69.1692 64.1202 64.9181 60.6063 63.2541 59.7393 55.618 60.8035 12 17.2801 51.0366 28.6011 40.5941 34.4131 35.807 42.1403 27.4642 52.107 37.2947 36.1725 39.8329 47.2156 33 49.0512 59.98 44.176
50.05 15.3852 10 15 15.3852 15.3852 66.648 68.6003 63.8516 64.1202 60.1597 62.3546 59.2443 55.5412 59.7393 15 12 49.0512 26.4012 36.2488 29.2094 35.0799 37.0185 28.1108 47.3363 34.2074 34.6982 35.2389 43.1059 35.4951 44.7851 56.0977 40.4138
45.0571 20.198 15 10 20.198 12 65.0818 66.648 62.2015 62 58.3839 60.1597 57.4342 54.1475 57.4236 20 13 46.0555 23.9284 31.5407 25.6205 33.5372 32.0227 28.2483 42.3883 30.5183 32.4722 32.8473 41.3209 36.9258 40.0832 51.5933 36.0768
55 14 15.3852 20.198 10 20 70.4152 72.6498 67.6975 68.3095 64.1202 66.6039 63.2353 59.2443 64.0833 12 17.2801 53.8634 31.2132 41.6228 32.3607 39.1548 42.0156 31.1896 52.5793 39.4109 39.2062 36.8701 43.8378 37 50.1622 61.4782 45.7771
45 20.7703 15.3852 12 20 10 67.0088 68.5235 64.1202 63.8516 60.2892 62 59.3356 56.0977 59.2443 20.198 13.6056 47.7359 25.8114 32.3607 24.1421 35.4951 32.0227 30.2237 42.7567 32.0227 34.3516 31.0238 39.4109 38.7924 40.8707 52.5441 37.2029
68.5235 66.7979 66.648 65.0818 70.4152 67.0088 10 15 13 17.0711 17 18.6023 18 21.1803 21.1803 68.6003 65.9732 33.5372 51.2311 55.2769 75.192 41.6228 64.4518 49.3573 60.9215 48.0132 42.7567 84.2428 93.2166 47.5366 53.9659 50.4969 49.6232
67.0088 69.1692 68.6003 66.648 72.6498 68.5235 15 10 15.831 15 18.6023 17 19.434 24.1421 20 70.9016 67.7754 33 52.72 55 75.7647 43.541 64.037 51.8808 59.4773 48.4708 44.176 84.8131 93.7257 51.0366 52.7551 48.0132 49.0512
65.7136 64.1202 63.8516 62.2015 67.6975 64.1202 13 15.831 10 15.3852 14 16.4031 15 18.6023 18.6023 65.9017 63.1413 30.6155 48.3275 52.2966 72.2013 38.7924 61.4782 46.7151 58.1041 45.0143 39.8329 81.2531 90.2247 45.3553 51.1096 48.0132 46.6742
62.2015 64.9181 64.1202 62 68.3095 63.8516 17.0711 15 15.3852 10 15.3852 12 15.831 21.1803 15 66.6039 63.2259 28 48.0789 50 70.8276 39.1548 59.0408 47.8021 54.643 43.541 39.5466 79.8713 88.7718 47.8021 47.855 43.6155 44.0588
62 60.6063 60.1597 58.3839 64.1202 60.2892 17 18.6023 14 15.3852 10 15 11 15.831 15.831 62.3546 59.3964 26.7631 44.4819 48.3275 68.2151 35.0799 57.5184 43.2866 54.3847 41.0161 35.9615 77.2681 86.2365 42.6497 47.3363 44.8281 42.7567
60.2892 63.2541 62.3546 60.1597 66.6039 62 18.6023 17 16.4031 12 15 10 15.099 20.4403 13 64.9181 61.4296 26 46.2491 48 68.8558 37.4591 57.0425 46.2353 52.72 41.5753 37.7308 77.897 86.7919 46.6197 45.9026 41.9061 42.0624
61.0784 59.7393 59.2443 57.4342 63.2353 59.3356 18 19.434 15 15.831 11 15.099 10 15.3852 15.3852 61.4782 58.4665 25.8114 43.5261 47.3363 67.2189 34.1661 56.5296 42.45 53.4626 40.0167 35 76.2722 85.2396 42.0156 46.4005 44.0588 41.7805
61.4782 55.618 55.5412 54.1475 59.2443 56.0977 21.1803 24.1421 18.6023 21.1803 15.831 20.4403 15.3852 10 20 57.4236 54.9222 26.4012 40.4138 46.4005 65 30.6155 55.607 38.178 53.909 38.2843 32.0907 74.0078 83.0068 36.9072 46.7151 46.1248 41.3847
57.4342 60.8035 59.7393 57.4236 64.0833 59.2443 21.1803 20 18.6023 15 15.831 13 15.3852 20 10 62.4309 58.7647 23 43.541 45 65.9017 35 54.0454 43.9706 49.8497 38.6356 35.0599 74.9384 83.8241 44.9857 42.9848 39.4109 39.0689
55.0444 12 15 20 12 20.198 68.6003 70.9016 65.9017 66.6039 62.3546 64.9181 61.4782 57.4236 62.4309 10 17 52.4264 29.8494 41.0483 33.3238 37.4591 42.0156 29.3132 52.2966 38.3019 37.6586 38.3196 45.5106 35 49.5601 60.6952 44.9285
48.0526 17.2801 12 13 17.2801 13.6056 65.9732 67.7754 63.1413 63.2259 59.3964 61.4296 58.4665 54.9222 58.7647 17 10 47.8021 25.2643 34.3516 27.6918 34.3516 35.02 28 45.3553 32.6716 33.7065 34.1868 42.311 35.9615 42.8938 54.2832 38.6531
45.3412 51.0366 49.0512 46.0555 53.8634 47.7359 33.5372 33 30.6155 28 26.7631 26 25.8114 26.4012 23 52.4264 47.8021 10 32.6716 32 53.1741 26.5529 41.0644 35.9422 37.7308 26.1555 25 62.1728 71 40.4138 30.6155 30.2485 26.1245
43.541 28.6011 26.4012 23.9284 31.2132 25.8114 51.2311 52.72 48.3275 48.0789 44.4819 46.2491 43.5261 40.4138 43.541 29.8494 25.2643 32.6716 10 25.8114 35.4951 20 32.0227 19.434 38.1603 19.2195 18.544 44.2345 53.1856 29.2094 33.0868 42.5576 27.0294
28.0278 40.5941 36.2488 31.5407 41.6228 32.3607 55.2769 55 52.2966 50 48.3275 48 47.3363 46.4005 45 41.0483 34.3516 32 25.8114 10 32.3607 31.2132 19.2195 35.0799 22.3693 19.2195 27.6918 41.0161 49.5601 44.4819 18.544 30.2485 16.3246
36.9258 34.4131 29.2094 25.6205 32.3607 24.1421 75.192 75.7647 72.2013 70.8276 68.2151 68.8558 67.2189 65 65.9017 33.3238 27.6918 53.1741 35.4951 32.3607 10 45.3553 26.2788 42.6956 37.8029 37.2947 43.0606 19.0554 28.0278 52.0595 39.2062 51.1096 38.6356
49.0512 35.807 35.0799 33.5372 39.1548 35.4951 41.6228 43.541 38.7924 39.1548 35.0799 37.4591 34.1661 30.6155 35 37.4591 34.3516 26.5529 20 31.2132 45.3553 10 39.4109 19.434 42.45 22.0416 13.6056 54.1814 63.1507 25.1327 35.9422 42.249 29.2354
23.0384 42.1403 37.0185 32.0227 42.0156 32.0227 64.4518 64.037 61.4782 59.0408 57.5184 57.0425 56.5296 55.607 54.0454 42.0156 35.02 41.0644 32.0227 19.2195 26.2788 39.4109 10 41.4006 21.6619 27.8885 36.0768 33.8537 41.7805 51.2311 23.4164 35 25
52.9418 27.4642 28.1108 28.2483 31.1896 30.2237 49.3573 51.8808 46.7151 47.8021 43.2866 46.2353 42.45 38.178 43.9706 29.3132 28 35.9422 19.434 35.0799 42.6956 19.434 41.4006 10 47.3363 27.2627 21.4018 50.8044 59.4773 19.8995 41.7805 50.0125 35.318
17.6158 52.107 47.3363 42.3883 52.5793 42.7567 60.9215 59.4773 58.1041 54.643 54.3847 52.72 53.4626 53.909 49.8497 52.2966 45.3553 37.7308 38.1603 22.3693 37.8029 42.45 21.6619 47.3363 10 30.5913 38.8444 44.7131 51.8808 56.5188 17.2111 24.8661 23.4536
37.0185 37.2947 34.2074 30.5183 39.4109 32.0227 48.0132 48.4708 45.0143 43.541 41.0161 41.5753 40.0167 38.2843 38.6356 38.3019 32.6716 26.1555 19.2195 19.2195 37.2947 22.0416 27.8885 27.2627 30.5913 10 18.4853 46.3456 55.2769 36 24.5602 33.3452 18.0623
45.4683 36.1725 34.6982 32.4722 39.2062 34.3516 42.7567 44.176 39.8329 39.5466 35.9615 37.7308 35 32.0907 35.0599 37.6586 33.7065 25 18.544 27.6918 43.0606 13.6056 36.0768 21.4018 38.8444 18.4853 10 52.0119 61.0098 28.4391 32.3607 39.0689 25.6525
42.2025 39.8329 35.2389 32.8473 36.8701 31.0238 84.2428 84.8131 81.2531 79.8713 77.2681 77.897 76.2722 74.0078 74.9384 38.3196 34.1868 62.1728 44.2345 41.0161 19.0554 54.1814 33.8537 50.8044 44.7131 46.3456 52.0119 10 19 59.7695 47.2156 58.8262 47.3363
48.2099 47.2156 43.1059 41.3209 43.8378 39.4109 93.2166 93.7257 90.2247 88.7718 86.2365 86.7919 85.2396 83.0068 83.8241 45.5106 42.311 71 53.1856 49.5601 28.0278 63.1507 41.7805 59.4773 51.8808 55.2769 61.0098 19 10 68.1893 55.1885 66.4358 55.8803
62.4786 33 35.4951 36.9258 37 38.7924 47.5366 51.0366 45.3553 47.8021 42.6497 46.6197 42.0156 36.9072 44.9857 35 35.9615 40.4138 29.2094 44.4819 52.0595 25.1327 51.2311 19.8995 56.5188 36 28.4391 59.7695 68.1893 10 50.4969 57.3814 43.8378
24.7648 49.0512 44.7851 40.0832 50.1622 40.8707 53.9659 52.7551 51.1096 47.855 47.3363 45.9026 46.4005 46.7151 42.9848 49.5601 42.8938 30.6155 33.0868 18.544 39.2062 35.9422 23.4164 41.7805 17.2111 24.5602 32.3607 47.2156 55.1885 50.4969 10 22.0416 16.7082
31.095 59.98 56.0977 51.5933 61.4782 52.5441 50.4969 48.0132 48.0132 43.6155 44.8281 41.9061 44.0588 46.1248 39.4109 60.6952 54.2832 30.2485 42.5576 30.2485 51.1096 42.249 35 50.0125 24.8661 33.3452 39.0689 58.8262 66.4358 57.3814 22.0416 10 25.8114
30.6155 44.176 40.4138 36.0768 45.7771 37.2029 49.6232 49.0512 46.6742 44.0588 42.7567 42.0624 41.7805 41.3847 39.0689 44.9285 38.6531 26.1245 27.0294 16.3246 38.6356 29.2354 25 35.318 23.4536 18.0623 25.6525 47.3363 55.8803 43.8378 16.7082 25.8114 10
0         960      
335       455      
254       374      
537       657      
0         905      
375       495      
0         891      
146       266      
149       269      
194       314      
246       366      
0         899      
621       741      
80        200      
0         902      
0         904      
440       560      
0         914      
326       446      
557       677      
397       517      
39        159      
566       686      
268       388      
822       942      
395       515      
0         914      
349       469      
359       479      
713       833      
14        134      
808       928      
0         929      
