37
0 33.541 31.6228 38.0789 45.1774 40.05 35.0571 45 35 45.0444 35.0571 45.2769 45.0444 38.0526 33.541 25 26.9258 47.1699 42.4264 20.6155 11.1803 36.0555 57.0088 42.9418 49.98 7.61577 14.7648 19.2354 27.0185 35.4683 32.2025 38.2099 52.4786 12.0416 14.7648 20.6155 48.1664
43.541 10 15 15 55.3431 50.6079 47.7359 52.4264 46.0555 51.0366 44.4093 49.0512 53.8634 49.4081 57.4342 25.8114 32.3607 35.4951 25 45.3553 35.4951 28.0278 40.4138 65.0364 44.5398 48.8973 28.7883 37.2947 57.3814 64.3415 25.5563 21.1803 74.4127 49.6232 53.7379 56.0435 28.0278
41.6228 15 10 17.0711 58.7955 53.8634 50.6079 56.0977 49.0512 54.8219 47.5366 53.0116 57.4236 52.5206 59.2443 28.0278 35 40.4138 30 46.4005 35 32.3607 45.3553 67.3062 49.2173 47.6563 27.2627 38.4605 58.2701 65.6597 29.4165 26.1245 76.888 49.0512 53.1045 56.0977 32.8035
48.0789 15 17.0711 10 59.2037 54.6542 52.0595 56.0977 50.3113 54.5982 48.5876 52.4264 57.634 53.566 62.2015 30.6155 36.9258 36.9258 25.8114 50.3113 40.4138 31.2132 40 69.6154 46.7151 53.6807 33.4094 42.249 62.345 69.2284 29.4165 23.0384 78.8767 54.5533 58.6621 61.0392 27.0294
55.1774 55.3431 58.7955 59.2037 10 15.3852 20.198 14 20.7703 16 21.6619 19 12 17.2801 28.6011 41.4006 34.4131 39.4279 47.1618 35.02 46.1386 38.3019 49 27.4642 31.095 52.107 51.6293 36.9258 37.2947 36.1725 39.8329 47.2156 33 47.3363 49.0512 44.176 52.0595
50.05 50.6079 53.8634 54.6542 15.3852 10 15 15.3852 15.3852 16.4031 16.4031 18.6023 15 12 26.4012 36.2488 29.2094 37 43.5261 30.2237 40.8058 34.1661 47.3363 28.1108 30.2485 47.3363 46.2491 31.587 34.2074 34.6982 35.2389 43.1059 35.4951 42.7567 44.7851 40.4138 48.833
45.0571 47.7359 50.6079 52.0595 20.198 15 10 20.198 12 20.7703 14 22.2066 20 13 23.9284 32.6716 25.6205 37.4591 42.3883 25.2971 35.9615 32.561 48.3275 28.2483 32.4722 42.3883 41.7648 26.7631 30.5183 32.4722 32.8473 41.3209 36.9258 37.8927 40.0832 36.0768 48.1182
55 52.4264 56.0977 56.0977 14 15.3852 20.198 10 20 12 20.198 15 12 17.2801 31.2132 39.1548 32.3607 35.4951 43.541 35.4951 45.3553 35 45 31.1896 27.1172 52.5793 50.1622 36.1725 39.4109 39.2062 36.8701 43.8378 37 48.0789 50.1622 45.7771 48.2753
45 46.0555 49.0512 50.3113 20.7703 15.3852 12 20 10 20.198 12 21.1803 20.198 13.6056 25.8114 31.2132 24.1421 35.4951 40.4138 25.8114 35.4951 30.6155 46.4005 30.2237 30.8087 42.7567 40.8707 26.2788 32.0227 34.3516 31.0238 39.4109 38.7924 38.4605 40.8707 37.2029 46.1248
55.0444 51.0366 54.8219 54.5982 16 16.4031 20.7703 12 20.198 10 20 13 14 18.0623 32.6716 38.178 31.5407 33.5372 41.7648 35.9615 45.1283 33.4307 43 33.0868 25.1327 52.9535 49.5601 36.0192 40.6105 40.8058 35.4951 42.2025 39 48.6005 50.8534 46.7151 46.4005
45.0571 44.4093 47.5366 48.5876 21.6619 16.4031 14 20.198 12 20 10 20.4403 20.7703 15 27.72 29.8494 22.8062 33.5372 38.4429 26.5529 35.1794 28.6815 44.4819 32.2036 29.2094 43.2415 40.0832 26.0312 33.6008 36.2488 29.2354 37.5136 40.6757 39.1548 41.7648 38.4253 44.1321
55.2769 49.0512 53.0116 52.4264 19 18.6023 22.2066 15 21.1803 13 20.4403 10 17 19.8995 35 36.9258 30.6155 30.6155 39.1548 36.9258 45 31.2132 40 35.9615 22.1655 53.6807 48.833 36.0768 42.5576 43.2866 33.6008 39.8329 42 49.5601 52.0476 48.2753 43.6155
55.0444 53.8634 57.4236 57.634 12 15 20 12 20.198 14 20.7703 17 10 17 29.8494 40.2324 33.3238 37.4591 45.3412 35.1794 45.6931 36.6271 47 29.3132 29.105 52.2966 50.8534 36.4764 38.3019 37.6586 38.3196 45.5106 35 47.6563 49.5601 44.9285 50.1622
48.0526 49.4081 52.5206 53.566 17.2801 12 13 17.2801 13.6056 18.0623 15 19.8995 17 10 25.2643 34.7588 27.6918 37.074 42.9848 28.2483 38.8617 33.4094 47.6563 28 31.0238 45.3553 44.4384 29.6469 32.6716 33.7065 34.1868 42.311 35.9615 40.8058 42.8938 38.6531 48.4708
43.541 57.4342 59.2443 62.2015 28.6011 26.4012 23.9284 31.2132 25.8114 32.6716 27.72 35 29.8494 25.2643 10 41.6228 35.4951 51.2311 55 24.1421 38.2843 45 62.2015 19.434 46.2353 38.1603 46.2353 31.095 19.2195 18.544 44.2345 53.1856 29.2094 32.8035 33.0868 27.0294 61.0392
35 25.8114 28.0278 30.6155 41.4006 36.2488 32.6716 39.1548 31.2132 38.178 29.8494 36.9258 40.2324 34.7588 41.6228 10 17.0711 32.3607 28.0278 30 24.1421 21.1803 42.0156 49.3573 37.074 37.8029 23.1529 22.0416 42.0156 48.6394 17.2111 24.3178 58.8774 36.8328 40.8707 41.7805 34.1868
36.9258 32.3607 35 36.9258 34.4131 29.2094 25.6205 32.3607 24.1421 31.5407 22.8062 30.6155 33.3238 27.6918 35.4951 17.0711 10 31.2132 30.6155 25.8114 25.8114 21.1803 42.0156 42.6956 33.0868 37.8029 28.2483 19.2195 37.2947 43.0606 19.0554 28.0278 52.0595 35.4951 39.2062 38.6356 36.9258
57.1699 35.4951 40.4138 36.9258 39.4279 37 37.4591 35.4951 35.4951 33.5372 33.5372 30.6155 37.4591 37.074 51.2311 32.3607 31.2132 10 21.1803 46.0555 46.0555 21.1803 21.1803 55.0444 20.6301 58.9183 45.1141 40.4138 56.0977 59.7293 25.2315 24.3178 62.2398 56.6905 60.3289 59.0918 23.6015
52.4264 25 30 25.8114 47.1618 43.5261 42.3883 43.541 40.4138 41.7648 38.4429 39.1548 45.3412 42.9848 55 28.0278 30.6155 21.1803 10 46.4005 42.0156 20 25.8114 60.636 31.4009 55.8039 38.6007 39.1548 57.8539 63.0848 21.7047 14.4721 68.9406 54.7772 58.7647 59.0408 16.3246
30.6155 45.3553 46.4005 50.3113 35.02 30.2237 25.2971 35.4951 25.8114 35.9615 26.5529 36.9258 35.1794 28.2483 24.1421 30 25.8114 46.0555 46.4005 10 24.1421 36.9258 57.1699 33.4307 44.8281 27.1172 32.2036 18.0623 22.0416 29.3132 34.7386 43.541 43.3017 22.6491 25.2643 23.0384 52.72
21.1803 35.4951 35 40.4138 46.1386 40.8058 35.9615 45.3553 35.4951 45.1283 35.1794 45 45.6931 38.8617 38.2843 24.1421 25.8114 46.0555 42.0156 24.1421 10 35 56.0977 47.5366 48.8973 23.8924 18.544 19.2195 34.5967 42.7567 31.2603 38.0179 57.4236 24.1421 28.2483 31.2132 48.0132
46.0555 28.0278 32.3607 31.2132 38.3019 34.1661 32.561 35 30.6155 33.4307 28.6815 31.2132 36.6271 33.4094 45 21.1803 21.1803 21.1803 20 36.9258 35 10 31.2132 50.7922 27.2627 48.1838 34.0416 30.2485 48.0789 53.1045 14.1231 18.9443 59.3356 46.4005 50.2244 49.8121 26.1245
67.0088 40.4138 45.3553 40 49 47.3363 48.3275 45 46.4005 43 44.4819 40 47 47.6563 62.2015 42.0156 42.0156 21.1803 25.8114 57.1699 56.0977 31.2132 10 65.4437 28.1108 69.397 53.909 51.2311 67.2713 70.7289 34.8395 30.2485 72 67.4891 71.2209 70.208 23.0384
52.9418 65.0364 67.3062 69.6154 27.4642 28.1108 28.2483 31.1896 30.2237 33.0868 32.2036 35.9615 29.3132 28 19.434 49.3573 42.6956 55.0444 60.636 33.4307 47.5366 50.7922 65.4437 10 48.0789 47.3363 55.2769 39.8329 27.2627 21.4018 50.8044 59.4773 19.8995 41.9531 41.7805 35.318 66.3205
59.98 44.5398 49.2173 46.7151 31.095 30.2485 32.4722 27.1172 30.8087 25.1327 29.2094 22.1655 29.105 31.0238 46.2353 37.074 33.0868 20.6301 31.4009 44.8281 48.8973 27.2627 28.1108 48.0789 10 60.1199 50.1995 41.305 52.8019 54.7214 31.095 33.7065 54.0454 56.8722 60 57.3814 34.2074
17.6158 48.8973 47.6563 53.6807 52.107 47.3363 42.3883 52.5793 42.7567 52.9535 43.2415 53.6807 52.2966 45.3553 38.1603 37.8029 37.8029 58.9183 55.8039 27.1172 23.8924 48.1838 69.397 47.3363 60.1199 10 30.3961 28.868 30.5913 38.8444 44.7131 51.8808 56.5188 15.3852 17.2111 23.4536 61.8652
24.7648 28.7883 27.2627 33.4094 51.6293 46.2491 41.7648 50.1622 40.8707 49.5601 40.0832 48.833 50.8534 44.4384 46.2353 23.1529 28.2483 45.1141 38.6007 32.2036 18.544 34.0416 53.909 55.2769 50.1995 30.3961 10 25.6205 43.1059 51.1825 29.9249 34.2074 65.1725 32.0227 36 39.6142 43.9706
29.2354 37.2947 38.4605 42.249 36.9258 31.587 26.7631 36.1725 26.2788 36.0192 26.0312 36.0768 36.4764 29.6469 31.095 22.0416 19.2195 40.4138 39.1548 18.0623 19.2195 30.2485 51.2311 39.8329 41.305 28.868 25.6205 10 30.0998 37.2029 27.4642 35.9615 49.6989 26.2788 30 29.9249 45.4683
37.0185 57.3814 58.2701 62.345 37.2947 34.2074 30.5183 39.4109 32.0227 40.6105 33.6008 42.5576 38.3019 32.6716 19.2195 42.0156 37.2947 56.0977 57.8539 22.0416 34.5967 48.0789 67.2713 27.2627 52.8019 30.5913 43.1059 30.0998 10 18.4853 46.3456 55.2769 36 25.2643 24.5602 18.0623 64.1295
45.4683 64.3415 65.6597 69.2284 36.1725 34.6982 32.4722 39.2062 34.3516 40.8058 36.2488 43.2866 37.6586 33.7065 18.544 48.6394 43.0606 59.7293 63.0848 29.3132 42.7567 53.1045 70.7289 21.4018 54.7214 38.8444 51.1825 37.2029 18.4853 10 52.0119 61.0098 28.4391 33.6008 32.3607 25.6525 69.2115
42.2025 25.5563 29.4165 29.4165 39.8329 35.2389 32.8473 36.8701 31.0238 35.4951 29.2354 33.6008 38.3196 34.1868 44.2345 17.2111 19.0554 25.2315 21.7047 34.7386 31.2603 14.1231 34.8395 50.8044 31.095 44.7131 29.9249 27.4642 46.3456 52.0119 10 19 59.7695 43.2866 47.2156 47.3363 28.0278
48.2099 21.1803 26.1245 23.0384 47.2156 43.1059 41.3209 43.8378 39.4109 42.2025 37.5136 39.8329 45.5106 42.311 53.1856 24.3178 28.0278 24.3178 14.4721 43.541 38.0179 18.9443 30.2485 59.4773 33.7065 51.8808 34.2074 35.9615 55.2769 61.0098 19 10 68.1893 51.1461 55.1885 55.8803 20
62.4786 74.4127 76.888 78.8767 33 35.4951 36.9258 37 38.7924 39 40.6757 42 35 35.9615 29.2094 58.8774 52.0595 62.2398 68.9406 43.3017 57.4236 59.3356 72 19.8995 54.0454 56.5188 65.1725 49.6989 36 28.4391 59.7695 68.1893 10 51.1461 50.4969 43.8378 74.3273
22.0416 49.6232 49.0512 54.5533 47.3363 42.7567 37.8927 48.0789 38.4605 48.6005 39.1548 49.5601 47.6563 40.8058 32.8035 36.8328 35.4951 56.6905 54.7772 22.6491 24.1421 46.4005 67.4891 41.9531 56.8722 15.3852 32.0227 26.2788 25.2643 33.6008 43.2866 51.1461 51.1461 10 14.1231 18.6023 61
24.7648 53.7379 53.1045 58.6621 49.0512 44.7851 40.0832 50.1622 40.8707 50.8534 41.7648 52.0476 49.5601 42.8938 33.0868 40.8707 39.2062 60.3289 58.7647 25.2643 28.2483 50.2244 71.2209 41.7805 60 17.2111 36 30 24.5602 32.3607 47.2156 55.1885 50.4969 14.1231 10 16.7082 65.0091
30.6155 56.0435 56.0977 61.0392 44.176 40.4138 36.0768 45.7771 37.2029 46.7151 38.4253 48.2753 44.9285 38.6531 27.0294 41.7805 38.6356 59.0918 59.0408 23.0384 31.2132 49.8121 70.208 35.318 57.3814 23.4536 39.6142 29.9249 18.0623 25.6525 47.3363 55.8803 43.8378 18.6023 16.7082 10 65.3624
58.1664 28.0278 32.8035 27.0294 52.0595 48.833 48.1182 48.2753 46.1248 46.4005 44.1321 43.6155 50.1622 48.4708 61.0392 34.1868 36.9258 23.6015 16.3246 52.72 48.0132 26.1245 23.0384 66.3205 34.2074 61.8652 43.9706 45.4683 64.1295 69.2115 28.0278 20 74.3273 61 65.0091 65.3624 10
0         960      
311       551      
459       699      
593       833      
275       515      
194       434      
477       717      
155       395      
315       555      
141       381      
621       861      
664       904      
664       904      
380       620      
266       506      
115       355      
337       577      
662       902      
42        282      
131       371      
11        251      
585       825      
172       412      
208       448      
660       900      
702       942      
92        332      
45        285      
335       575      
284       524      
289       529      
299       539      
653       893      
659       899      
14        254      
40        280      
487       727      
