46
0 38.0789 30.8058 39.3573 40.3113 33.3017 35.3553 39.0512 38.0789 35.3553 41.2311 40.3113 35.0571 35 45.2769 44.2041 43.0116 40.6079 37.2022 36.0555 40.3113 30.8058 33.541 38.0789 35.3412 37.7359 37.2022 38.3275 18.0278 47.1699 26.9258 15.8114 10 9.21954 19.6469 39.2938 36.0555 49.98 32.5576 38.4708 7.61577 12.0416 12.0416 14.7648 15.5242 19.2354
48.0789 10 20.4403 13 15 22.2066 24.1421 21.1803 63.8516 54.7214 61.4782 57.1699 82.0347 81.5891 90.6226 52 50 50.1123 47.3363 45.3553 45 44.4819 40.4138 40 40.1496 15.831 18.6023 56.1411 49.0512 85.6637 36.9258 38.2843 39.1548 43.541 28.868 43.9706 75.192 92.0244 43.6155 35.4951 53.909 46.1248 59.2443 60.4777 53.1393 28.9737
40.8058 20.4403 10 20 20.198 14 17 18.6023 53.4626 44.4819 51.3401 47.2022 73.2456 72.6418 81.1969 56.0977 54.1475 53.566 50.3113 48.3275 49.2938 46 43.3766 44.4819 43.7343 17.2801 16.4031 46.0555 46.2491 75.3758 26.5529 35.0799 33.4307 34.6982 24.3178 35 65.0364 82.0069 33.6008 27.4642 47.5366 41.9061 52.638 54.5533 49.1152 22.0416
49.3573 13 20 10 12 20.7703 22.2066 18.6023 62.811 53.4626 60.0899 55.6508 82.8011 82.2772 91.0494 55 53 53.1045 50.3113 48.3275 48 47.3631 43.3766 43 43.1361 13.6056 16.4031 54.7214 51.4005 85.326 35.9615 40.4795 40.8058 44.2053 30.6155 42.0156 75.0308 92.0061 42.2025 33.3452 55.4863 48.1838 60.774 62.2015 55.2769 30.1246
50.3113 15 20.198 12 10 20.198 21.1803 17.0711 62.2015 52.72 59.2443 54.7214 83.3757 82.8011 91.3941 57 55 55.0999 52.2966 50.3113 50 49.2938 45.3553 45 45.1283 13 15.3852 53.8634 53.0116 85.1665 35.4951 42.0156 42.0156 44.7851 31.9317 40.8058 75 92.0549 41.3847 32.0227 56.6154 49.6232 61.8652 63.4135 56.7547 31.095
43.3017 22.2066 14 20.7703 20.198 10 13 15.831 52.0595 42.6956 49.3573 44.9857 74.622 73.9062 82.0347 60.01 58.0521 57.5184 54.2832 52.2966 53.1741 50 47.3363 48.3275 47.6563 17.2801 15 44 49.9249 75.0692 25.2971 38.7924 36.6271 36.4197 28.0278 31.9317 65.0364 82.1734 31.4709 23.8924 50.3113 45.3553 55.2769 57.4236 52.5441 25.2643
45.3553 24.1421 17 22.2066 21.1803 13 10 15 51.2311 41.6228 48.0789 43.541 75.7951 75 82.8011 62.9528 60.9902 60.4876 57.2652 55.2769 56.0977 53 50.3113 51.2311 50.6079 18.6023 15.831 42.6956 52.72 75 25 41.6228 39.1548 38.0179 30.8806 29.8494 65.2268 82.4431 30.2485 21.4018 52.5206 48.0132 57.3814 59.679 55.1774 27.8885
49.0512 21.1803 18.6023 18.6023 17.0711 15.831 15 10 56.0977 46.4005 52.72 48.0789 80.3847 79.6419 87.6209 62.2398 60.2494 60.04 57 55 55.2769 53.2897 50 50.3113 50.05 15.3852 13 47.3363 54.7214 80 30 43.541 42.0156 42.249 32.8254 33.8537 70.208 87.4145 35 25 55.9674 50.4969 60.9902 63.0377 57.7074 30.6155
48.0789 63.8516 53.4626 62.811 62.2015 52.0595 51.2311 56.0977 10 20 17.0711 21.1803 52.0595 50.3113 52.4264 89.6492 88.1025 86.2168 82.6223 81.0634 84.3303 76.4003 77.2681 80.7107 78.6222 59.3356 56.8402 20.4403 65.9017 36.9258 36.9258 60 53.0116 41.0644 55.3431 35.1794 31.2132 46.7151 31.2132 43.0151 53.6807 59.6488 54.5533 58.6621 63.4883 51.2311
45.3553 54.7214 44.4819 53.4626 52.72 42.6956 41.6228 46.4005 20 10 17.0711 15 57.634 56.0977 60 83.7835 82.111 80.4911 76.888 75.192 78.0074 70.9016 71.0328 74.0312 72.2013 49.9249 47.3363 13 62.2015 46.4005 28.0278 54.7214 48.0789 36.9258 48.4187 25.2971 39.1548 55.6946 21.4018 33.0217 52.0476 55.8803 54.1022 58.0416 60.8035 44.0588
51.2311 61.4782 51.3401 60.0899 59.2443 49.3573 48.0789 52.72 17.0711 17.0711 10 15 58.8774 57.1699 59.4975 90.7094 89.0569 87.3886 83.7835 82.111 85 77.7422 78.0074 81.0634 79.2026 56.5188 53.8634 15.3852 68.5235 43.541 35 61.4782 54.7214 43.2415 55.4533 30.0998 38.2843 53.566 27.8885 38.6356 57.5184 62.2015 59.0408 63.0848 66.7539 51.1096
50.3113 57.1699 47.2022 55.6508 54.7214 44.9857 43.541 48.0789 21.1803 15 15 10 61.614 60 63.1507 88.032 86.3217 84.793 81.1969 79.4622 82.111 75.2993 75.192 78.0074 76.2873 52.0595 49.3573 12 67.0088 48.0789 31.2132 59.2443 52.72 41.7805 52.4382 25.1327 42.0156 57.8853 23.6015 33.7697 57.0425 60.6952 59.0918 63.0377 65.7315 48.0132
45.0571 82.0347 73.2456 82.8011 83.3757 74.622 75.7951 80.3847 52.0595 57.634 58.8774 61.614 10 12 22.2066 84.3303 83.6817 80.8378 78.0074 77.4463 82.2772 72.0967 76.2873 81.1969 78.2495 80.5195 79.2892 60 56.8402 37.4591 62.4786 60.0899 55.0444 48.6005 64.4518 70.208 32.561 32.4722 63.2635 74.0703 42.3883 53.566 37.8927 40.0832 51.1096 63.1507
45 81.5891 72.6418 82.2772 82.8011 73.9062 75 79.6419 50.3113 56.0977 57.1699 60 12 10 21.1803 85.0267 84.3303 81.5122 78.6222 78.0074 82.8011 72.6418 76.7083 81.5891 78.6586 79.9214 78.6222 58.4149 57.4342 35.4951 61.4782 60.2494 55 48.0789 64.231 68.8982 30.6155 30.8087 62.0096 72.9682 42.7567 53.9318 38.4605 40.8707 51.7852 62.7731
55.2769 90.6226 81.1969 91.0494 91.3941 82.0347 82.8011 87.6209 52.4264 60 59.4975 63.1507 22.2066 21.1803 10 96.1626 95.44 92.6378 89.712 89.0569 93.8153 83.6817 87.6209 92.4621 89.555 88.4474 86.9025 61.8556 68.5235 30.6155 68.5235 70.8276 65.2268 57.1699 74 74.1405 31.2132 22.1655 67.7062 79.3542 53.6807 64.8179 49.5601 52.0476 62.9245 72.1289
54.2041 52 56.0977 55 57 60.01 62.9528 62.2398 89.6492 83.7835 90.7094 88.032 84.3303 85.0267 96.1626 10 12 13.6056 17.0711 18.6023 17 23.4536 23 22 22.3693 57.0956 59.2544 86.3217 37.7308 101.263 67.6975 39.7321 46.7967 58.8365 45.7771 79.6419 90.2122 103.059 75.7419 73.3246 52.9418 42.45 56.6154 54.2719 43.2415 50.2492
53.0116 50 54.1475 53 55 58.0521 60.9902 60.2494 88.1025 82.111 89.0569 86.3217 83.6817 84.3303 95.44 12 10 13 15.831 17.0711 15 22.2066 21.1803 20 20.4403 55.0999 57.2652 84.6257 36.9258 100.139 65.9017 38.2843 45.3553 57.3814 44 77.7791 89.0569 102.13 73.9531 71.4003 52.0476 41.3847 55.8803 53.6807 42.573 48.4708
50.6079 50.1123 53.566 53.1045 55.0999 57.5184 60.4876 60.04 86.2168 80.4911 87.3886 84.793 80.8378 81.5122 92.6378 13.6056 13 10 13.6056 15.3852 15.831 19.8995 20.198 20.4403 20 55 57.0425 83.0616 34.1661 97.6584 64.626 36.2488 43.3017 55.3431 42.6956 76.7308 86.6094 99.4707 72.6498 70.6383 49.3573 38.8444 53.0813 50.8044 39.7321 47.1618
47.2022 47.3363 50.3113 50.3113 52.2966 54.2832 57.2652 57 82.6223 76.888 83.7835 81.1969 78.0074 78.6222 89.712 17.0711 15.831 13.6056 10 12 15.3852 16.4031 17 18.6023 17.2801 52.0476 54 79.4622 31.1896 94.3149 61.0784 32.6716 39.7321 51.7732 39.1548 73.2456 83.2393 96.3134 69.0931 67.2713 46.2491 35.5539 50.1622 48.0789 36.9258 43.6155
46.0555 45.3553 48.3275 48.3275 50.3113 52.2966 55.2769 55 81.0634 75.192 82.111 79.4622 77.4463 78.0074 89.0569 18.6023 17.0711 15.3852 12 10 15 15.3852 15 17.0711 15.3852 50.05 52 77.7422 30.6155 93.2166 59.2443 31.2132 38.2843 50.3113 37.313 71.3514 82.111 95.4283 67.2713 65.3173 45.4683 34.5967 49.5601 47.6563 36.4764 41.7805
50.3113 45 49.2938 48 50 53.1741 56.0977 55.2769 84.3303 78.0074 85 82.111 82.2772 82.8011 93.8153 17 15 15.831 15.3852 15 10 20.198 17.0711 15 15.831 50.1123 52.2966 80.4557 35.4951 97.4643 61.4782 35 42.0156 53.9318 39.6816 73.1585 86.3217 99.9611 69.5399 66.6127 50.1622 39.1548 54.3847 52.5793 41.4006 44.1321
40.8058 44.4819 46 47.3631 49.2938 50 53 53.2897 76.4003 70.9016 77.7422 75.2993 72.0967 72.6418 83.6817 23.4536 22.2066 19.8995 16.4031 15.3852 20.198 10 15.831 20.4403 17.6158 48.6394 50.3113 73.5295 25.2971 87.9359 55.5412 26.4012 33.4307 45.4683 33.7697 67.9741 76.8506 90.0562 63.4883 62.469 40.0832 29.2354 44.2053 42.3883 31.2132 38.1603
43.541 40.4138 43.3766 43.3766 45.3553 47.3363 50.3113 50 77.2681 71.0328 78.0074 75.192 76.2873 76.7083 87.6209 23 21.1803 20.198 17 15 17.0711 15.831 10 15 12 45.0571 47 73.5138 30 90.6226 54.7214 28.0278 35 46.8782 32.8254 66.648 79.4622 93.3847 62.7731 60.448 43.9559 32.8035 48.4708 47.054 36 37.2947
48.0789 40 44.4819 43 45 48.3275 51.2311 50.3113 80.7107 74.0312 81.0634 78.0074 81.1969 81.5891 92.4621 22 20 20.4403 18.6023 17.0711 15 20.4403 15 10 13 45.1283 47.3363 76.4003 35 95 57.1699 32.3607 39.1548 50.8044 35.6125 68.6003 83.8241 98.0227 65.2268 61.8652 48.833 37.6586 53.4166 52.0476 41 40
45.3412 40.1496 43.7343 43.1361 45.1283 47.6563 50.6079 50.05 78.6222 72.2013 79.2026 76.2873 78.2495 78.6586 89.555 22.3693 20.4403 20 17.2801 15.3852 15.831 17.6158 12 13 10 45 47.054 74.6375 32 92.365 55.6508 29.7231 36.6271 48.4187 33.8537 67.3847 81.1969 95.235 63.7122 60.9608 45.9026 34.7386 50.4475 49.0512 38 38.3019
47.7359 15.831 17.2801 13.6056 13 17.2801 18.6023 15.3852 59.3356 49.9249 56.5188 52.0595 80.5195 79.9214 88.4474 57.0956 55.0999 55 52.0476 50.05 50.1123 48.6394 45.0571 45.1283 45 10 12.8284 51.1461 51.3401 82.1734 32.561 40.2324 39.7321 41.9531 29.8494 38.4253 72 89.0569 38.6356 29.799 54.2041 47.6431 59.4065 61.0882 54.8219 28.6011
47.2022 18.6023 16.4031 16.4031 15.3852 15 15.831 13 56.8402 47.3363 53.8634 49.3573 79.2892 78.6222 86.9025 59.2544 57.2652 57.0425 54 52 52.2966 50.3113 47 47.3363 47.054 12.8284 10 48.4838 52.0595 80.0643 30.2237 40.8869 39.7321 40.8707 30.2485 35.6125 70.0333 87.1622 36 26.9706 53.9318 48.0132 59.0408 60.9313 55.2217 28.3848
48.3275 56.1411 46.0555 54.7214 53.8634 44 42.6956 47.3363 20.4403 13 15.3852 12 60 58.4149 61.8556 86.3217 84.6257 83.0616 79.4622 77.7422 80.4557 73.5295 73.5138 76.4003 74.6375 51.1461 48.4838 10 65.0818 47.3363 29.8494 57.4236 50.8534 39.8329 50.8044 25 40.8058 56.9574 22.53 33.3452 55.0444 58.7647 57.0956 61.0392 63.7587 46.4005
28.0278 49.0512 46.2491 51.4005 53.0116 49.9249 52.72 54.7214 65.9017 62.2015 68.5235 67.0088 56.8402 57.4342 68.5235 37.7308 36.9258 34.1661 31.1896 30.6155 35.4951 25.2971 30 35 32 51.3401 52.0595 65.0818 10 74.0312 50 21.1803 25 35.2982 31.9317 63 63.1507 75.3682 57.1699 59.6488 25.2643 16.3246 28.9737 27.1172 16 35
57.1699 85.6637 75.3758 85.326 85.1665 75.0692 75 80 36.9258 46.4005 43.541 48.0789 37.4591 35.4951 30.6155 101.263 100.139 97.6584 94.3149 93.2166 97.4643 87.9359 90.6226 95 92.365 82.1734 80.0643 47.3363 74.0312 10 60 72.6498 65.9017 54.9444 72.2977 61.6624 21.1803 20.6301 56.5296 68.6941 58.9183 68.8218 56.6905 60.3289 69.4643 69.203
36.9258 36.9258 26.5529 35.9615 35.4951 25.2971 25 30 36.9258 28.0278 35 31.2132 62.4786 61.4782 68.5235 67.6975 65.9017 64.626 61.0784 59.2443 61.4782 55.5412 54.7214 57.1699 55.6508 32.561 30.2237 29.8494 50 60 10 40.4138 35 27.8885 31.9317 23 50.3113 67.5587 18.0623 22.0416 44.5398 44.0588 48.4708 51.6293 50.4475 27.4642
25.8114 38.2843 35.0799 40.4795 42.0156 38.7924 41.6228 43.541 60 54.7214 61.4782 59.2443 60.0899 60.2494 70.8276 39.7321 38.2843 36.2488 32.6716 31.2132 35 26.4012 28.0278 32.3607 29.7231 40.2324 40.8869 57.4236 21.1803 72.6498 40.4138 10 17.0711 29.105 20.7703 53.2897 61.4782 75.7875 48.0789 49.1152 28.1108 18.0623 33.3452 33.4094 24.8661 24.1421
20 39.1548 33.4307 40.8058 42.0156 36.6271 39.1548 42.0156 53.0116 48.0789 54.7214 52.72 55.0444 55 65.2268 46.7967 45.3553 43.3017 39.7321 38.2843 42.0156 33.4307 35 39.1548 36.6271 39.7321 39.7321 50.8534 25 65.9017 35 17.0711 10 22.0416 20.2956 48 54.7214 69.4811 42.249 44.9285 24.7648 19.2195 30.1246 31.4009 26.1555 21.4018
19.2195 43.541 34.6982 44.2053 44.7851 36.4197 38.0179 42.249 41.0644 36.9258 43.2415 41.7805 48.6005 48.0789 57.1699 58.8365 57.3814 55.3431 51.7732 50.3113 53.9318 45.4683 46.8782 50.8044 48.4187 41.9531 40.8707 39.8329 35.2982 54.9444 27.8885 29.105 22.0416 10 27.4642 40.0832 43.8378 59.6488 33.3452 39.6816 26.7631 28.9737 30.5913 33.7697 34.0832 25
29.6469 28.868 24.3178 30.6155 31.9317 28.0278 30.8806 32.8254 55.3431 48.4187 55.4533 52.4382 64.4518 64.231 74 45.7771 44 42.6956 39.1548 37.313 39.6816 33.7697 32.8254 35.6125 33.8537 29.8494 30.2485 50.8044 31.9317 72.2977 31.9317 20.7703 20.2956 27.4642 10 44.2053 61.2445 77.082 39.9666 39.0172 35.0599 27.8045 40.4138 41.6228 35 14.4721
49.2938 43.9706 35 42.0156 40.8058 31.9317 29.8494 33.8537 35.1794 25.2971 30.0998 25.1327 70.208 68.8982 74.1405 79.6419 77.7791 76.7308 73.2456 71.3514 73.1585 67.9741 66.648 68.6003 67.3847 38.4253 35.6125 25 63 61.6624 23 53.2897 48 40.0832 44.2053 10 53.8634 70.7454 17.2111 18.9443 56.8402 57.0425 60.3289 63.7587 63.3385 39.8329
46.0555 75.192 65.0364 75.0308 75 65.0364 65.2268 70.208 31.2132 39.1548 38.2843 42.0156 32.561 30.6155 31.2132 90.2122 89.0569 86.6094 83.2393 82.111 86.3217 76.8506 79.4622 83.8241 81.1969 72 70.0333 40.8058 63.1507 21.1803 50.3113 61.4782 54.7214 43.8378 61.2445 53.8634 10 27.2627 47.9473 60 48.1838 57.8017 46.4005 50.2244 58.7955 58.2701
59.98 92.0244 82.0069 92.0061 92.0549 82.1734 82.4431 87.4145 46.7151 55.6946 53.566 57.8853 32.4722 30.8087 22.1655 103.059 102.13 99.4707 96.3134 95.4283 99.9611 90.0562 93.3847 98.0227 95.235 89.0569 87.1622 56.9574 75.3682 20.6301 67.5587 75.7875 69.4811 59.6488 77.082 70.7454 27.2627 10 65.0818 77.1863 60.1199 70.8358 56.8722 60 70.208 74.4981
42.5576 43.6155 33.6008 42.2025 41.3847 31.4709 30.2485 35 31.2132 21.4018 27.8885 23.6015 63.2635 62.0096 67.7062 75.7419 73.9531 72.6498 69.0931 67.2713 69.5399 63.4883 62.7731 65.2268 63.7122 38.6356 36 22.53 57.1699 56.5296 18.0623 48.0789 42.249 33.3452 39.9666 17.2111 47.9473 65.0818 10 22.1655 50.025 51.0488 53.3244 56.8402 57.0425 35.4951
48.4708 35.4951 27.4642 33.3452 32.0227 23.8924 21.4018 25 43.0151 33.0217 38.6356 33.7697 74.0703 72.9682 79.3542 73.3246 71.4003 70.6383 67.2713 65.3173 66.6127 62.469 60.448 61.8652 60.9608 29.799 26.9706 33.3452 59.6488 68.6941 22.0416 49.1152 44.9285 39.6816 39.0172 18.9443 60 77.1863 22.1655 10 56.0652 54.1475 60.2494 63.2353 60.9608 35.02
17.6158 53.909 47.5366 55.4863 56.6154 50.3113 52.5206 55.9674 53.6807 52.0476 57.5184 57.0425 42.3883 42.7567 53.6807 52.9418 52.0476 49.3573 46.2491 45.4683 50.1622 40.0832 43.9559 48.833 45.9026 54.2041 53.9318 55.0444 25.2643 58.9183 44.5398 28.1108 24.7648 26.7631 35.0599 56.8402 48.1838 60.1199 50.025 56.0652 10 21.1803 15.3852 17.2111 20.6301 35.6125
22.0416 46.1248 41.9061 48.1838 49.6232 45.3553 48.0132 50.4969 59.6488 55.8803 62.2015 60.6952 53.566 53.9318 64.8179 42.45 41.3847 38.8444 35.5539 34.5967 39.1548 29.2354 32.8035 37.6586 34.7386 47.6431 48.0132 58.7647 16.3246 68.8218 44.0588 18.0623 19.2195 28.9737 27.8045 57.0425 57.8017 70.8358 51.0488 54.1475 21.1803 10 26 25.5242 17.2111 30.1246
22.0416 59.2443 52.638 60.774 61.8652 55.2769 57.3814 60.9902 54.5533 54.1022 59.0408 59.0918 37.8927 38.4605 49.5601 56.6154 55.8803 53.0813 50.1622 49.5601 54.3847 44.2053 48.4708 53.4166 50.4475 59.4065 59.0408 57.0956 28.9737 56.6905 48.4708 33.3452 30.1246 30.5913 40.4138 60.3289 46.4005 56.8722 53.3244 60.2494 15.3852 26 10 14.1231 23.4164 40.8058
24.7648 60.4777 54.5533 62.2015 63.4135 57.4236 59.679 63.0377 58.6621 58.0416 63.0848 63.0377 40.0832 40.8707 52.0476 54.2719 53.6807 50.8044 48.0789 47.6563 52.5793 42.3883 47.054 52.0476 49.0512 61.0882 60.9313 61.0392 27.1172 60.3289 51.6293 33.4094 31.4009 33.7697 41.6228 63.7587 50.2244 60 56.8402 63.2353 17.2111 25.5242 14.1231 10 21.1803 42.5576
25.5242 53.1393 49.1152 55.2769 56.7547 52.5441 55.1774 57.7074 63.4883 60.8035 66.7539 65.7315 51.1096 51.7852 62.9245 43.2415 42.573 39.7321 36.9258 36.4764 41.4006 31.2132 36 41 38 54.8219 55.2217 63.7587 16 69.4643 50.4475 24.8661 26.1555 34.0832 35 63.3385 58.7955 70.208 57.0425 60.9608 20.6301 17.2111 23.4164 21.1803 10 37.2947
29.2354 28.9737 22.0416 30.1246 31.095 25.2643 27.8885 30.6155 51.2311 44.0588 51.1096 48.0132 63.1507 62.7731 72.1289 50.2492 48.4708 47.1618 43.6155 41.7805 44.1321 38.1603 37.2947 40 38.3019 28.6011 28.3848 46.4005 35 69.203 27.4642 24.1421 21.4018 25 14.4721 39.8329 58.2701 74.4981 35.4951 35.02 35.6125 30.1246 40.8058 42.5576 37.2947 10
0         960      
0         911      
0         919      
0         910      
0         909      
0         916      
0         914      
367       487      
653       773      
0         914      
0         908      
0         909      
0         914      
0         915      
784       904      
0         905      
0         906      
0         909      
278       398      
0         913      
0         909      
0         919      
0         916      
0         911      
217       337      
0         912      
0         912      
0         911      
0         931      
782       902      
0         923      
0         934      
0         940      
157       277      
0         930      
0         910      
645       765      
764       884      
0         917      
352       472      
0         942      
0         937      
0         937      
14        134      
0         934      
810       930      
