36
0 38.0789 30.8058 39.3573 36.0555 40.3113 33.3017 35.3553 39.0512 33.541 31.6228 33.5261 32.3883 38.0789 35.3553 39.2938 41.2311 40.3113 37.7359 37.2022 38.3275 25 20 14.1421 42.4264 26.9258 10 19.6469 39.2938 32.5576 38.4708 32.2025 38.2099 17.8885 20.5183 19.2354
48.0789 10 20.4403 13 17.0711 15 22.2066 24.1421 21.1803 62.2015 57.4342 58.1041 53.4626 63.8516 54.7214 60.5371 61.4782 57.1699 15.831 18.6023 56.1411 65 45.3553 35.4951 76.7083 36.9258 39.1548 28.868 43.9706 43.6155 35.4951 71.131 72.3699 37.0185 60.01 28.9737
40.8058 20.4403 10 20 15.3852 20.198 14 17 18.6023 51.7612 47 47.6962 43.1059 53.4626 44.4819 50.3113 51.3401 47.2022 17.2801 16.4031 46.0555 55.0999 35.0799 27 66.2939 26.5529 33.4307 24.3178 35 33.6008 27.4642 61.0098 61.9711 27.1172 50.1995 22.0416
49.3573 13 20 10 15.3852 12 20.7703 22.2066 18.6023 61.4198 56.5725 57.1275 52.3792 62.811 53.4626 59.2443 60.0899 55.6508 13.6056 16.4031 54.7214 65.0818 45.0571 36.2488 76.0984 35.9615 40.8058 30.6155 42.0156 42.2025 33.3452 71.0082 71.8142 37.074 60.1597 30.1246
46.0555 17.0711 15.3852 15.3852 10 15 15.3852 17.0711 15 56.0977 51.2311 51.7612 47 57.4342 48.0789 53.8634 54.7214 50.3113 12 12 49.3573 60.2494 40 32.3607 70.8276 30.6155 38.2843 28.6011 36.9072 36.8328 28.4391 66.0089 66.5685 32.3607 55.3982 27.0294
50.3113 15 20.198 12 15 10 20.198 21.1803 17.0711 60.9902 56.0977 56.5725 51.7612 62.2015 52.72 58.4665 59.2443 54.7214 13 15.3852 53.8634 65.2268 45 36.9258 75.7647 35.4951 42.0156 31.9317 40.8058 41.3847 32.0227 71.0082 71.5224 37.2947 60.3587 31.095
43.3017 22.2066 14 20.7703 15.3852 20.198 10 13 15.831 50.7922 45.9026 46.4005 41.6228 52.0595 42.6956 48.4838 49.3573 44.9857 17.2801 15 44 55.5412 35.0799 29.2094 65.5788 25.2971 36.6271 28.0278 31.9317 31.4709 23.8924 61.0882 61.3517 28.0278 50.7922 25.2643
45.3553 24.1421 17 22.2066 17.0711 21.1803 13 10 15 50.3113 45.3553 45.6931 40.8058 51.2311 41.6228 47.3363 48.0789 43.541 18.6023 15.831 42.6956 56.0977 35.4951 31.2132 65.2268 25 39.1548 30.8806 29.8494 30.2485 21.4018 61.3517 61.0882 29.2354 51.4849 27.8885
49.0512 21.1803 18.6023 18.6023 15 17.0711 15.831 15 10 55.2769 50.3113 50.6079 45.6931 56.0977 46.4005 52.0595 52.72 48.0789 15.3852 13 47.3363 60.9902 40.4138 35 70.208 30 42.0156 32.8254 33.8537 35 25 66.3205 66.0803 33.7697 56.3249 30.6155
43.541 62.2015 51.7612 61.4198 56.0977 60.9902 50.7922 50.3113 55.2769 10 15 15.3852 20.198 15 21.1803 19.434 21.1803 24.1421 58.0521 55.7056 22.8062 25.8114 28.0278 42.0156 25 35.4951 49.0512 52.2019 36.2488 31.095 43.2415 25.5563 21.1803 36.9258 26 48.2753
41.6228 57.4342 47 56.5725 51.2311 56.0977 45.9026 45.3553 50.3113 15 10 12 15.3852 17.0711 17.0711 18 20 21.1803 53.1741 50.7922 19.434 28.0278 24.1421 38.2843 30 30.6155 46.0555 48.2884 31.5407 26.1245 38.2843 29.4165 26.1245 32.8035 26.7631 44.2053
43.5261 58.1041 47.6962 57.1275 51.7612 56.5725 46.4005 45.6931 50.6079 15.3852 12 10 15 15.831 15.831 16 18 19.434 53.6807 51.2311 17.8102 29.7231 25.6205 39.7321 30.0998 31.1896 47.7359 49.6232 30.8806 26 38.0713 30.6155 26.4924 34.0832 28.6815 45.4683
42.3883 53.4626 43.1059 52.3792 47 51.7612 41.6228 40.8058 45.6931 20.198 15.3852 15 10 20.4403 13 17.8102 19.434 18 48.8973 46.4005 16 32.6716 23 36.6271 35.0799 26.5529 45.3412 46.1248 26.1555 21 33.0868 34.6982 31.3776 30.6155 30.5913 41.8277
48.0789 63.8516 53.4626 62.811 57.4342 62.2015 52.0595 51.2311 56.0977 15 17.0711 15.831 20.4403 10 20 15.831 17.0711 21.1803 59.3356 56.8402 20.4403 30.6155 31.2132 45.3553 25.8114 36.9258 53.0116 55.3431 35.1794 31.2132 43.0151 29.4165 23.0384 39.8329 31 51.2311
45.3553 54.7214 44.4819 53.4626 48.0789 52.72 42.6956 41.6228 46.4005 21.1803 17.0711 15.831 13 20 10 15.831 17.0711 15 49.9249 47.3363 13 35 25.8114 39.1548 35.4951 28.0278 48.0789 48.4187 25.2971 21.4018 33.0217 36.4008 32.1359 33.0217 33.2594 44.0588
49.2938 60.5371 50.3113 59.2443 53.8634 58.4665 48.4838 47.3363 52.0595 19.434 18 16 17.8102 15.831 15.831 10 12 15.3852 55.6946 53.0813 15 35.0799 30.5913 44.4093 31.5407 33.8537 52.9418 53.9318 30 27.088 38.2843 34.8395 28.868 38.4253 34.5153 49.6232
51.2311 61.4782 51.3401 60.0899 54.7214 59.2443 49.3573 48.0789 52.72 21.1803 20 18 19.434 17.0711 17.0711 12 10 15 56.5188 53.8634 15.3852 36.9258 32.3607 46.0555 32.3607 35 54.7214 55.4533 30.0998 27.8885 38.6356 36.4008 30 40 36.4764 51.1096
50.3113 57.1699 47.2022 55.6508 50.3113 54.7214 44.9857 43.541 48.0789 24.1421 21.1803 19.434 18 21.1803 15 15.3852 15 10 52.0595 49.3573 12 39.1548 30.6155 43.541 36.9258 31.2132 52.72 52.4382 25.1327 23.6015 33.7697 39.6985 34.1868 37.2947 37.8568 48.0132
47.7359 15.831 17.2801 13.6056 12 13 17.2801 18.6023 15.3852 58.0521 53.1741 53.6807 48.8973 59.3356 49.9249 55.6946 56.5188 52.0595 10 12.8284 51.1461 62.2398 42 34.1661 72.8013 32.561 39.7321 29.8494 38.4253 38.6356 29.799 68.0086 68.5491 34.3311 57.3814 28.6011
47.2022 18.6023 16.4031 16.4031 12 15.3852 15 15.831 13 55.7056 50.7922 51.2311 46.4005 56.8402 47.3363 53.0813 53.8634 49.3573 12.8284 10 48.4838 60.4876 40.0666 33.3238 70.531 30.2237 39.7321 30.2485 35.6125 36 26.9706 66.0803 66.3205 32.8035 55.7056 28.3848
48.3275 56.1411 46.0555 54.7214 49.3573 53.8634 44 42.6956 47.3363 22.8062 19.434 17.8102 16 20.4403 13 15 15.3852 12 51.1461 48.4838 10 37.4591 28.6815 41.7648 36.2488 29.8494 50.8534 50.8044 25 22.53 33.3452 38.3196 33.2594 35.5539 36 46.4005
35 65 55.0999 65.0818 60.2494 65.2268 55.5412 56.0977 60.9902 25.8114 28.0278 29.7231 32.6716 30.6155 35 35.0799 36.9258 39.1548 62.2398 60.4876 37.4591 10 30.6155 40.4138 28.0278 41.6228 43.541 50.2616 47.8021 41.0644 52.4853 17.2111 24.3178 38.0179 15.099 47.4833
30 45.3553 35.0799 45.0571 40 45 35.0799 35.4951 40.4138 28.0278 24.1421 25.6205 23 31.2132 25.8114 30.5913 32.3607 30.6155 42 40.0666 28.6815 30.6155 10 24.1421 41.6228 21.1803 32.3607 34.2074 30.5913 23.4164 32.8035 36.0192 37.2029 18.9443 26.1555 30.2485
24.1421 35.4951 27 36.2488 32.3607 36.9258 29.2094 31.2132 35 42.0156 38.2843 39.7321 36.6271 45.3553 39.1548 44.4093 46.0555 43.541 34.1661 33.3238 41.7648 40.4138 24.1421 10 54.7214 25 20 20.2956 38 32.3607 35.2982 47.108 50.2492 16.3246 35.318 17.0711
52.4264 76.7083 66.2939 76.0984 70.8276 75.7647 65.5788 65.2268 70.208 25 30 30.0998 35.0799 25.8114 35.4951 31.5407 32.3607 36.9258 72.8013 70.531 36.2488 28.0278 41.6228 54.7214 10 50.3113 60 65.0091 50.7922 46.0555 58.1664 21.7047 14.4721 50.4969 31.9317 61.4782
36.9258 36.9258 26.5529 35.9615 30.6155 35.4951 25.2971 25 30 35.4951 30.6155 31.1896 26.5529 36.9258 28.0278 33.8537 35 31.2132 32.561 30.2237 29.8494 41.6228 21.1803 25 50.3113 10 35 31.9317 23 18.0623 22.0416 46.4966 46.1248 19.2195 37.313 27.4642
20 39.1548 33.4307 40.8058 38.2843 42.0156 36.6271 39.1548 42.0156 49.0512 46.0555 47.7359 45.3412 53.0116 48.0789 52.9418 54.7214 52.72 39.7321 39.7321 50.8534 43.541 32.3607 20 60 35 10 20.2956 48 42.249 44.9285 50.7063 55.607 26.1245 38.6531 21.4018
29.6469 28.868 24.3178 30.6155 28.6011 31.9317 28.0278 30.8806 32.8254 52.2019 48.2884 49.6232 46.1248 55.3431 48.4187 53.9318 55.4533 52.4382 29.8494 30.2485 50.8044 50.2616 34.2074 20.2956 65.0091 31.9317 20.2956 10 44.2053 39.9666 39.0172 57.1275 60.5371 25.5563 45.171 14.4721
49.2938 43.9706 35 42.0156 36.9072 40.8058 31.9317 29.8494 33.8537 36.2488 31.5407 30.8806 26.1555 35.1794 25.2971 30 30.0998 25.1327 38.4253 35.6125 25 47.8021 30.5913 38 50.7922 23 48 44.2053 10 17.2111 18.9443 50.7063 47.3631 32.0907 44.6554 39.8329
42.5576 43.6155 33.6008 42.2025 36.8328 41.3847 31.4709 30.2485 35 31.095 26.1245 26 21 31.2132 21.4018 27.088 27.8885 23.6015 38.6356 36 22.53 41.0644 23.4164 32.3607 46.0555 18.0623 42.249 39.9666 17.2111 10 22.1655 44.5398 42.249 26.1245 37.6586 35.4951
48.4708 35.4951 27.4642 33.3452 28.4391 32.0227 23.8924 21.4018 25 43.2415 38.2843 38.0713 33.0868 43.0151 33.0217 38.2843 38.6356 33.7697 29.799 26.9706 33.3452 52.4853 32.8035 35.2982 58.1664 22.0416 44.9285 39.0172 18.9443 22.1655 10 56.4866 54.4072 30.5913 48.5876 35.02
42.2025 71.131 61.0098 71.0082 66.0089 71.0082 61.0882 61.3517 66.3205 25.5563 29.4165 30.6155 34.6982 29.4165 36.4008 34.8395 36.4008 39.6985 68.0086 66.0803 38.3196 17.2111 36.0192 47.108 21.7047 46.4966 50.7063 57.1275 50.7063 44.5398 56.4866 10 19 44.1321 22.083 54.1475
48.2099 72.3699 61.9711 71.8142 66.5685 71.5224 61.3517 61.0882 66.0803 21.1803 26.1245 26.4924 31.3776 23.0384 32.1359 28.868 30 34.1868 68.5491 66.3205 33.2594 24.3178 37.2029 50.2492 14.4721 46.1248 55.607 60.5371 47.3631 42.249 54.4072 19 10 46.0555 27.8045 57.0106
27.8885 37.0185 27.1172 37.074 32.3607 37.2947 28.0278 29.2354 33.7697 36.9258 32.8035 34.0832 30.6155 39.8329 33.0217 38.4253 40 37.2947 34.3311 32.8035 35.5539 38.0179 18.9443 16.3246 50.4969 19.2195 26.1245 25.5563 32.0907 26.1245 30.5913 44.1321 46.0555 10 33.0868 21.4018
30.5183 60.01 50.1995 60.1597 55.3982 60.3587 50.7922 51.4849 56.3249 26 26.7631 28.6815 30.5913 31 33.2594 34.5153 36.4764 37.8568 57.3814 55.7056 36 15.099 26.1555 35.318 31.9317 37.313 38.6531 45.171 44.6554 37.6586 48.5876 22.083 27.8045 33.0868 10 42.3883
29.2354 28.9737 22.0416 30.1246 27.0294 31.095 25.2643 27.8885 30.6155 48.2753 44.2053 45.4683 41.8277 51.2311 44.0588 49.6232 51.1096 48.0132 28.6011 28.3848 46.4005 47.4833 30.2485 17.0711 61.4782 27.4642 21.4018 14.4721 39.8329 35.4951 35.02 54.1475 57.0106 21.4018 42.3883 10
0         960      
388       911      
30        546      
353       708      
425       913      
40        630      
228       667      
161       558      
229       624      
213       648      
404       753      
33        511      
46        519      
395       911      
35        697      
39        528      
94        535      
394       909      
37        597      
315       782      
38        606      
25        516      
239       630      
420       897      
42        706      
401       923      
436       907      
330       930      
135       556      
190       659      
215       608      
212       605      
272       565      
90        549      
149       586      
356       930      
