14
0 38.0789 30.8058 39.3573 40.3113 35.3553 33.5261 39.2938 41.2311 37.7359 38.3275 17.1172 15.5242 20.5183
48.0789 10 20.4403 13 15 24.1421 58.1041 60.5371 61.4782 15.831 56.1411 58.9183 53.1393 60.01
40.8058 20.4403 10 20 20.198 17 47.6962 50.3113 51.3401 17.2801 46.0555 54.2041 49.1152 50.1995
49.3573 13 20 10 12 22.2066 57.1275 59.2443 60.0899 13.6056 54.7214 60.9313 55.2769 60.1597
50.3113 15 20.198 12 10 21.1803 56.5725 58.4665 59.2443 13 53.8634 62.3259 56.7547 60.3587
45.3553 24.1421 17 22.2066 21.1803 10 45.6931 47.3363 48.0789 18.6023 42.6956 59.93 55.1774 51.4849
43.5261 58.1041 47.6962 57.1275 56.5725 45.6931 10 16 18 53.6807 17.8102 59.6488 59.0408 28.6815
49.2938 60.5371 50.3113 59.2443 58.4665 47.3363 16 10 12 55.6946 15 65.5788 64.8179 34.5153
51.2311 61.4782 51.3401 60.0899 59.2443 48.0789 18 12 10 56.5188 15.3852 67.5587 66.7539 36.4764
47.7359 15.831 17.2801 13.6056 13 18.6023 53.6807 55.6946 56.5188 10 51.1461 60.2494 54.8219 57.3814
48.3275 56.1411 46.0555 54.7214 53.8634 42.6956 17.8102 15 15.3852 51.1461 10 65.0818 63.7587 36
27.1172 58.9183 54.2041 60.9313 62.3259 59.93 59.6488 65.5788 67.5587 60.2494 65.0818 10 16.3246 43.6155
25.5242 53.1393 49.1152 55.2769 56.7547 55.1774 59.0408 64.8179 66.7539 54.8219 63.7587 16.3246 10 44.6699
30.5183 60.01 50.1995 60.1597 60.3587 51.4849 28.6815 34.5153 36.4764 57.3814 36 43.6155 44.6699 10
0         960      
0         911      
0         919      
0         910      
0         909      
0         914      
195       315      
174       294      
255       375      
37        157      
105       225      
0         932      
0         934      
308       428      
