34
0 45.1774 40.05 35.0571 45 35 45.0444 35.0571 45.2769 58.5235 57.0088 55.7136 52.2015 52 50.2892 51.0784 51.4782 47.4342 45.0444 38.0526 35.3412 33.541 47.1699 26.9258 29.1548 39.0512 25.2982 42.9418 49.98 27.0185 35.4683 52.4786 14.7648 20.6155
55.1774 10 15.3852 20.198 14 20.7703 16 21.6619 19 66.7979 69.1692 64.1202 64.9181 60.6063 63.2541 59.7393 55.618 60.8035 12 17.2801 51.0366 28.6011 39.4279 72.1772 46.6197 35.807 52.0595 27.4642 31.095 37.2947 36.1725 33 49.0512 44.176
50.05 15.3852 10 15 15.3852 15.3852 16.4031 16.4031 18.6023 66.648 68.6003 63.8516 64.1202 60.1597 62.3546 59.2443 55.5412 59.7393 15 12 49.0512 26.4012 37 66.8243 43.9706 35.0799 48.833 28.1108 30.2485 34.2074 34.6982 35.4951 44.7851 40.4138
45.0571 20.198 15 10 20.198 12 20.7703 14 22.2066 65.0818 66.648 62.2015 62 58.3839 60.1597 57.4342 54.1475 57.4236 20 13 46.0555 23.9284 37.4591 62.4786 40.4795 33.5372 44.8281 28.2483 32.4722 30.5183 32.4722 36.9258 40.0832 36.0768
55 14 15.3852 20.198 10 20 12 20.198 15 70.4152 72.6498 67.6975 68.3095 64.1202 66.6039 63.2353 59.2443 64.0833 12 17.2801 53.8634 31.2132 35.4951 70.4152 49.0512 39.1548 54.1022 31.1896 27.1172 39.4109 39.2062 37 50.1622 45.7771
45 20.7703 15.3852 12 20 10 20.198 12 21.1803 67.0088 68.5235 64.1202 63.8516 60.2892 62 59.3356 56.0977 59.2443 20.198 13.6056 47.7359 25.8114 35.4951 61.4782 42.0156 35.4951 46.1248 30.2237 30.8087 32.0227 34.3516 38.7924 40.8707 37.2029
55.0444 16 16.4031 20.7703 12 20.198 10 20 13 72.2415 74.4127 69.5063 70.0333 65.9017 68.3095 65.0091 61.0784 65.7584 14 18.0623 55.3431 32.6716 33.5372 69.6154 50.3609 40.8869 55.2217 33.0868 25.1327 40.6105 40.8058 39 50.8534 46.7151
45.0571 21.6619 16.4031 14 20.198 12 20 10 20.4403 68.9406 70.407 66.0446 65.7136 62.2015 63.8516 61.2445 58.0521 61.0784 20.7703 15 49.4462 27.72 33.5372 60.5371 43.6006 37.4591 47.4833 32.2036 29.2094 33.6008 36.2488 40.6757 41.7648 38.4253
55.2769 19 18.6023 22.2066 15 21.1803 13 20.4403 10 75 77.082 72.2415 72.6498 68.6003 70.9016 67.6975 63.8516 68.3095 17 19.8995 57.634 35 30.6155 68.5235 52.4264 43.541 57.0106 35.9615 22.1655 42.5576 43.2866 42 52.0476 48.2753
68.5235 66.7979 66.648 65.0818 70.4152 67.0088 72.2415 68.9406 75 10 15 13 17.0711 17 18.6023 18 21.1803 21.1803 68.6003 65.9732 33.5372 51.2311 92.4621 95.44 40.4138 41.6228 43.2415 49.3573 86.896 48.0132 42.7567 47.5366 53.9659 49.6232
67.0088 69.1692 68.6003 66.648 72.6498 68.5235 74.4127 70.407 77.082 15 10 15.831 15 18.6023 17 19.434 24.1421 20 70.9016 67.7754 33 52.72 93.8153 93.8153 40 43.541 41.7805 51.8808 88.7909 48.4708 44.176 51.0366 52.7551 49.0512
65.7136 64.1202 63.8516 62.2015 67.6975 64.1202 69.5063 66.0446 72.2415 13 15.831 10 15.3852 14 16.4031 15 18.6023 18.6023 65.9017 63.1413 30.6155 48.3275 89.555 92.6378 37.4591 38.7924 40.4631 46.7151 84.0945 45.0143 39.8329 45.3553 51.1096 46.6742
62.2015 64.9181 64.1202 62 68.3095 63.8516 70.0333 65.7136 72.6498 17.0711 15 15.3852 10 15.3852 12 15.831 21.1803 15 66.6039 63.2259 28 48.0789 89.0569 89.0569 35 39.1548 36.9258 47.8021 84.2496 43.541 39.5466 47.8021 47.855 44.0588
62 60.6063 60.1597 58.3839 64.1202 60.2892 65.9017 62.2015 68.6003 17 18.6023 14 15.3852 10 15 11 15.831 15.831 62.3546 59.3964 26.7631 44.4819 85.6902 88.924 33.5372 35.0799 36.8328 43.2866 80.3847 41.0161 35.9615 42.6497 47.3363 42.7567
60.2892 63.2541 62.3546 60.1597 66.6039 62 68.3095 63.8516 70.9016 18.6023 17 16.4031 12 15 10 15.099 20.4403 13 64.9181 61.4296 26 46.2491 87.1622 87.1622 33 37.4591 35 46.2353 82.45 41.5753 37.7308 46.6197 45.9026 42.0624
61.0784 59.7393 59.2443 57.4342 63.2353 59.3356 65.0091 61.2445 67.6975 18 19.434 15 15.831 11 15.099 10 15.3852 15.3852 61.4782 58.4665 25.8114 43.5261 84.7262 88 32.561 34.1661 35.9422 42.45 79.4622 40.0167 35 42.0156 46.4005 41.7805
61.4782 55.618 55.5412 54.1475 59.2443 56.0977 61.0784 58.0521 63.8516 21.1803 24.1421 18.6023 21.1803 15.831 20.4403 15.3852 10 20 57.4236 54.9222 26.4012 40.4138 81.5891 88.2624 32.3607 30.6155 37.0185 38.178 75.7875 38.2843 32.0907 36.9072 46.7151 41.3847
57.4342 60.8035 59.7393 57.4236 64.0833 59.2443 65.7584 61.0784 68.3095 21.1803 20 18.6023 15 15.831 13 15.3852 20 10 62.4309 58.7647 23 43.541 84.3303 84.3303 30 35 32.1359 43.9706 79.7711 38.6356 35.0599 44.9857 42.9848 39.0689
55.0444 12 15 20 12 20.198 14 20.7703 17 68.6003 70.9016 65.9017 66.6039 62.3546 64.9181 61.4782 57.4236 62.4309 10 17 52.4264 29.8494 37.4591 71.2699 47.8021 37.4591 53.0465 29.3132 29.105 38.3019 37.6586 35 49.5601 44.9285
48.0526 17.2801 12 13 17.2801 13.6056 18.0623 15 19.8995 65.9732 67.7754 63.1413 63.2259 59.3964 61.4296 58.4665 54.9222 58.7647 17 10 47.8021 25.2643 37.074 65.0727 42.5269 34.3516 47.2022 28 31.0238 32.6716 33.7065 35.9615 42.8938 38.6531
45.3412 51.0366 49.0512 46.0555 53.8634 47.7359 55.3431 49.4462 57.634 33.5372 33 30.6155 28 26.7631 26 25.8114 26.4012 23 52.4264 47.8021 10 32.6716 72.2415 72.2415 17 26.5529 20.6301 35.9422 68.5235 26.1555 25 40.4138 30.6155 26.1245
43.541 28.6011 26.4012 23.9284 31.2132 25.8114 32.6716 27.72 35 51.2311 52.72 48.3275 48.0789 44.4819 46.2491 43.5261 40.4138 43.541 29.8494 25.2643 32.6716 10 51.2311 66.5685 28.0278 20 33.7697 19.434 46.2353 19.2195 18.544 29.2094 33.0868 27.0294
57.1699 39.4279 37 37.4591 35.4951 35.4951 33.5372 33.5372 30.6155 92.4621 93.8153 89.555 89.0569 85.6902 87.1622 84.7262 81.5891 84.3303 37.4591 37.074 72.2415 51.2311 10 60 65.9017 60.9902 68.5235 55.0444 20.6301 56.0977 59.7293 62.2398 60.3289 59.0918
36.9258 72.1772 66.8243 62.4786 70.4152 61.4782 69.6154 60.5371 68.5235 95.44 93.8153 92.6378 89.0569 88.924 87.1622 88 88.2624 84.3303 71.2699 65.0727 72.2415 66.5685 60 10 65.9017 74.0312 62.2015 75.7951 67.5587 62.2015 70.6053 85.6902 51.6293 57.0106
39.1548 46.6197 43.9706 40.4795 49.0512 42.0156 50.3609 43.6006 52.4264 40.4138 40 37.4591 35 33.5372 33 32.561 32.3607 30 47.8021 42.5269 17 28.0278 65.9017 65.9017 10 25 17.0711 33.5372 62.8015 20 22.1655 40.0666 24.4222 19.2195
49.0512 35.807 35.0799 33.5372 39.1548 35.4951 40.8869 37.4591 43.541 41.6228 43.541 38.7924 39.1548 35.0799 37.4591 34.1661 30.6155 35 37.4591 34.3516 26.5529 20 60.9902 74.0312 25 10 32.0227 19.434 55.31 22.0416 13.6056 25.1327 35.9422 29.2354
35.2982 52.0595 48.833 44.8281 54.1022 46.1248 55.2217 47.4833 57.0106 43.2415 41.7805 40.4631 36.9258 36.8328 35 35.9422 37.0185 32.1359 53.0465 47.2022 20.6301 33.7697 68.5235 62.2015 17.0711 32.0227 10 40.2655 66.5862 24.7648 29.0263 47.1214 21.0454 19.434
52.9418 27.4642 28.1108 28.2483 31.1896 30.2237 33.0868 32.2036 35.9615 49.3573 51.8808 46.7151 47.8021 43.2866 46.2353 42.45 38.178 43.9706 29.3132 28 35.9422 19.434 55.0444 75.7951 33.5372 19.434 40.2655 10 48.0789 27.2627 21.4018 19.8995 41.7805 35.318
59.98 31.095 30.2485 32.4722 27.1172 30.8087 25.1327 29.2094 22.1655 86.896 88.7909 84.0945 84.2496 80.3847 82.45 79.4622 75.7875 79.7711 29.105 31.0238 68.5235 46.2353 20.6301 67.5587 62.8015 55.31 66.5862 48.0789 10 52.8019 54.7214 54.0454 60 57.3814
37.0185 37.2947 34.2074 30.5183 39.4109 32.0227 40.6105 33.6008 42.5576 48.0132 48.4708 45.0143 43.541 41.0161 41.5753 40.0167 38.2843 38.6356 38.3019 32.6716 26.1555 19.2195 56.0977 62.2015 20 22.0416 24.7648 27.2627 52.8019 10 18.4853 36 24.5602 18.0623
45.4683 36.1725 34.6982 32.4722 39.2062 34.3516 40.8058 36.2488 43.2866 42.7567 44.176 39.8329 39.5466 35.9615 37.7308 35 32.0907 35.0599 37.6586 33.7065 25 18.544 59.7293 70.6053 22.1655 13.6056 29.0263 21.4018 54.7214 18.4853 10 28.4391 32.3607 25.6525
62.4786 33 35.4951 36.9258 37 38.7924 39 40.6757 42 47.5366 51.0366 45.3553 47.8021 42.6497 46.6197 42.0156 36.9072 44.9857 35 35.9615 40.4138 29.2094 62.2398 85.6902 40.0666 25.1327 47.1214 19.8995 54.0454 36 28.4391 10 50.4969 43.8378
24.7648 49.0512 44.7851 40.0832 50.1622 40.8707 50.8534 41.7648 52.0476 53.9659 52.7551 51.1096 47.855 47.3363 45.9026 46.4005 46.7151 42.9848 49.5601 42.8938 30.6155 33.0868 60.3289 51.6293 24.4222 35.9422 21.0454 41.7805 60 24.5602 32.3607 50.4969 10 16.7082
30.6155 44.176 40.4138 36.0768 45.7771 37.2029 46.7151 38.4253 48.2753 49.6232 49.0512 46.6742 44.0588 42.7567 42.0624 41.7805 41.3847 39.0689 44.9285 38.6531 26.1245 27.0294 59.0918 57.0106 19.2195 29.2354 19.434 35.318 57.3814 18.0623 25.6525 43.8378 16.7082 10
0         960      
338       451      
205       422      
511       682      
158       391      
263       606      
45        522      
598       883      
348       904      
509       668      
57        664      
68        349      
131       376      
114       497      
102       347      
564       797      
51        673      
462       631      
636       904      
423       576      
471       662      
281       490      
380       902      
613       894      
29        587      
39        353      
112       543      
162       493      
360       900      
304       605      
318       489      
565       897      
14        669      
20        299      
