29
0 33.3017 39.0512 38.0789 40.3113 45.0444 35.0571 45.2769 43.0116 40.6079 37.2022 36.0555 40.3113 30.8058 33.541 38.0789 37.2022 14.1421 47.1699 29.1548 20.6155 11.1803 25.2982 10 25.4951 27.4591 36.0555 49.98 12.0416
43.3017 10 15.831 52.0595 44.9857 82.8011 73.2456 82.0347 58.0521 57.5184 54.2832 52.2966 53.1741 50 47.3363 48.3275 15 29.2094 75.0692 71.7171 62.4786 48.9102 66.6127 36.6271 61.0784 56.0977 65.0364 82.1734 45.3553
49.0512 15.831 10 56.0977 48.0789 88.4474 78.9493 87.6209 60.2494 60.04 57 55 55.2769 53.2897 50 50.3113 13 35 80 77.2681 68.3095 54.7214 72.0081 42.0156 65.9017 60.2892 70.208 87.4145 50.4969
48.0789 52.0595 56.0977 10 21.1803 54.5982 48.5876 52.4264 88.1025 86.2168 82.6223 81.0634 84.3303 76.4003 77.2681 80.7107 56.8402 45.3553 36.9258 70 50.3113 40.4138 69.4138 53.0116 73.2456 75.2993 31.2132 46.7151 59.6488
50.3113 44.9857 48.0789 21.1803 10 65.1725 58.4149 63.1507 86.3217 84.793 81.1969 79.4622 82.111 75.2993 75.192 78.0074 49.3573 43.541 48.0789 75.7647 57.4342 45.3553 74.0703 52.72 75.7647 76.0984 42.0156 57.8853 60.6952
55.0444 82.8011 88.4474 54.5982 65.1725 10 20 13 94.4334 91.5966 88.7464 88.1601 92.9699 82.8011 86.9025 91.7863 87.6209 65.5788 33.5372 50.3609 35.9615 45.1283 55.2217 65.0364 66.8243 75 33.4307 25.1327 64.1295
45.0571 73.2456 78.9493 48.5876 58.4149 20 10 20.4403 85.0267 82.2357 79.2892 78.6222 83.3757 73.2456 77.1863 82.0347 78.0074 55.7056 33.5372 43.6006 26.5529 35.1794 47.4833 55.0444 58.2597 65.9017 28.6815 29.2094 54.3847
55.2769 82.0347 87.6209 52.4264 63.1507 13 20.4403 10 95.44 92.6378 89.712 89.0569 93.8153 83.6817 87.6209 92.4621 86.9025 65.2268 30.6155 52.4264 36.9258 45 57.0106 65.2268 68.3095 76.2118 31.2132 22.1655 64.8179
53.0116 58.0521 60.2494 88.1025 86.3217 94.4334 85.0267 95.44 10 13 15.831 17.0711 15 22.2066 21.1803 20 57.2652 53.0116 100.139 60 68.5235 64.0833 53.0116 45.3553 40 30.0998 89.0569 102.13 41.3847
50.6079 57.5184 60.04 86.2168 84.793 91.5966 82.2357 92.6378 13 10 13.6056 15.3852 15.831 19.8995 20.198 20.4403 57.0425 51.3401 97.6584 57 65.7136 61.614 50.0125 43.3017 37 27.1172 86.6094 99.4707 38.8444
47.2022 54.2832 57 82.6223 81.1969 88.7464 79.2892 89.712 15.831 13.6056 10 12 15.3852 16.4031 17 18.6023 54 47.7359 94.3149 55.0999 62.811 58.2597 48.0526 39.7321 35.1794 25.0333 83.2393 96.3134 35.5539
46.0555 52.2966 55 81.0634 79.4622 88.1601 78.6222 89.0569 17.0711 15.3852 12 10 15 15.3852 15 17.0711 52 46.0555 93.2166 55.2769 62.2015 57.1699 48.2099 38.2843 35.4951 25.2971 82.111 95.4283 34.5967
50.3113 53.1741 55.2769 84.3303 82.111 92.9699 83.3757 93.8153 15 15.831 15.3852 15 10 20.198 17.0711 15 52.2966 49.0512 97.4643 60.2494 67.0088 61.4782 53.1856 42.0156 40.4138 30.2237 86.3217 99.9611 39.1548
40.8058 50 53.2897 76.4003 75.2993 82.8011 73.2456 83.6817 22.2066 19.8995 16.4031 15.3852 20.198 10 15.831 20.4403 50.3113 41.7648 87.9359 50.6079 56.8402 51.8808 43.541 33.4307 31.1896 21.1803 76.8506 90.0562 29.2354
43.541 47.3363 50 77.2681 75.192 86.9025 77.1863 87.6209 21.1803 20.198 17 15 17.0711 15.831 10 15 47 42.0156 90.6226 56.0977 60.9902 54.7214 49.0512 35 36.9258 27 79.4622 93.3847 32.8035
48.0789 48.3275 50.3113 80.7107 78.0074 91.7863 82.0347 92.4621 20 20.4403 18.6023 17.0711 15 20.4403 15 10 47.3363 45.3553 95 60.9902 65.9017 59.2443 53.9318 39.1548 41.6228 31.5407 83.8241 98.0227 37.6586
47.2022 15 13 56.8402 49.3573 87.6209 78.0074 86.9025 57.2652 57.0425 54 52 52.2966 50.3113 47 47.3363 10 33.3238 80.0643 75.0692 66.8243 53.4626 69.6657 39.7321 63.2353 57.4342 70.0333 87.1622 48.0132
24.1421 29.2094 35 45.3553 43.541 65.5788 55.7056 65.2268 53.0116 51.3401 47.7359 46.0555 49.0512 41.7648 42.0156 45.3553 33.3238 10 62.2015 53.0116 43.541 30.6155 48.4708 20 45.3553 43.3766 51.2311 67.4282 29.105
57.1699 75.0692 80 36.9258 48.0789 33.5372 33.5372 30.6155 100.139 97.6584 94.3149 93.2166 97.4643 87.9359 90.6226 95 80.0643 62.2015 10 65.9017 46.0555 46.0555 68.5235 65.9017 77.2681 83 21.1803 20.6301 68.8218
39.1548 71.7171 77.2681 70 75.7647 50.3609 43.6006 52.4264 60 57 55.0999 55.2769 60.2494 50.6079 56.0977 60.9902 75.0692 53.0116 65.9017 10 30.6155 40.4138 17.0711 45.3553 30 40.0666 57.4342 62.8015 38.0179
30.6155 62.4786 68.3095 50.3113 57.4342 35.9615 26.5529 36.9258 68.5235 65.7136 62.811 62.2015 67.0088 56.8402 60.9902 65.9017 66.8243 43.541 46.0555 30.6155 10 24.1421 32.4722 40.4138 42.0156 49.3573 36.9258 44.8281 38.2843
21.1803 48.9102 54.7214 40.4138 45.3553 45.1283 35.1794 45 64.0833 61.614 58.2597 57.1699 61.4782 51.8808 54.7214 59.2443 53.4626 30.6155 46.0555 40.4138 24.1421 10 39.0689 30.6155 43.541 47.5366 35 48.8973 32.8035
35.2982 66.6127 72.0081 69.4138 74.0703 55.2217 47.4833 57.0106 53.0116 50.0125 48.0526 48.2099 53.1856 43.541 49.0512 53.9318 69.6657 48.4708 68.5235 17.0711 32.4722 39.0689 10 40 23.0384 33.0217 59.1935 66.5862 31.9317
20 36.6271 42.0156 53.0116 52.72 65.0364 55.0444 65.2268 45.3553 43.3017 39.7321 38.2843 42.0156 33.4307 35 39.1548 39.7321 20 65.9017 45.3553 40.4138 30.6155 40 10 35.4951 33.5372 54.7214 69.4811 19.2195
35.4951 61.0784 65.9017 73.2456 75.7647 66.8243 58.2597 68.3095 40 37 35.1794 35.4951 40.4138 31.1896 36.9258 41.6228 63.2353 45.3553 77.2681 30 42.0156 43.541 23.0384 35.4951 10 20.198 67.0088 76.8431 26.2788
37.4591 56.0977 60.2892 75.2993 76.0984 75 65.9017 76.2118 30.0998 27.1172 25.0333 25.2971 30.2237 21.1803 27 31.5407 57.4342 43.3766 83 40.0666 49.3573 47.5366 33.0217 33.5372 20.198 10 72.2415 83.7835 25.6525
46.0555 65.0364 70.208 31.2132 42.0156 33.4307 28.6815 31.2132 89.0569 86.6094 83.2393 82.111 86.3217 76.8506 79.4622 83.8241 70.0333 51.2311 21.1803 57.4342 36.9258 35 59.1935 54.7214 67.0088 72.2415 10 27.2627 57.8017
59.98 82.1734 87.4145 46.7151 57.8853 25.1327 29.2094 22.1655 102.13 99.4707 96.3134 95.4283 99.9611 90.0562 93.3847 98.0227 87.1622 67.4282 20.6301 62.8015 44.8281 48.8973 66.5862 69.4811 76.8431 83.7835 27.2627 10 70.8358
22.0416 45.3553 50.4969 59.6488 60.6952 64.1295 54.3847 64.8179 41.3847 38.8444 35.5539 34.5967 39.1548 29.2354 32.8035 37.6586 48.0132 29.105 68.8218 38.0179 38.2843 32.8035 31.9317 19.2195 26.2788 25.6525 57.8017 70.8358 10
0         960      
388       508      
367       487      
653       773      
703       823      
201       321      
681       801      
784       904      
43        163      
0         909      
278       398      
64        184      
329       449      
376       496      
33        153      
574       694      
489       609      
599       719      
782       902      
167       287      
191       311      
11        131      
268       388      
612       732      
241       361      
0         922      
645       765      
764       884      
355       475      
