28
0 36.0555 33.541 31.6228 32.3883 35.3553 44.2041 35.3412 25 20 18.0278 42.4264 26.9258 15.8114 9.21954 19.6469 39.2938 57.0088 32.5576 38.4708 14.7648 19.2354 17.8885 4.24264 12.0416 48.1664 14.1421 19.2354
46.0555 10 56.0977 51.2311 47 48.0789 57.2652 45.0571 60.2494 40 50.3113 70.8276 30.6155 39.1548 40.0832 28.6011 36.9072 86.4853 36.8328 28.4391 47.6563 61.8652 32.3607 47.1214 57.8017 74.0312 38.6356 27.0294
43.541 56.0977 10 15 20.198 21.1803 85.8222 75.0692 25.8114 28.0278 61.4782 25 35.4951 56.0977 37.0185 52.2019 36.2488 40.4138 31.095 43.2415 28.7883 37.2947 36.9258 39.5466 49.6232 28.0278 33.3452 48.2753
41.6228 51.2311 15 10 15.3852 17.0711 82.6223 71.5549 28.0278 24.1421 59.2443 30 30.6155 53.0116 34.1868 48.2884 31.5407 45.3553 26.1245 38.2843 27.2627 38.4605 32.8035 37.8927 49.0512 32.8035 30 44.2053
42.3883 47 20.198 15.3852 10 13 81.2811 69.8164 32.6716 23 59.3356 35.0799 26.5529 52.0595 34.0416 46.1248 26.1555 50.1123 21 33.0868 29.105 42.2025 30.6155 39.0689 51.1096 37.2947 29.3132 41.8277
45.3553 48.0789 21.1803 17.0711 13 10 83.7835 72.2013 35 25.8114 62.2015 35.4951 28.0278 54.7214 36.9258 48.4187 25.2971 50 21.4018 33.0217 32.0907 44.9285 33.0217 42.0624 54.1022 37.0185 32.1359 44.0588
54.2041 57.2652 85.8222 82.6223 81.2811 83.7835 10 22.3693 79.2026 68.6003 37.7308 96.4523 67.6975 39.7321 58.8365 45.7771 79.6419 111.213 75.7419 73.3246 68 71.7738 60.774 58.4149 56.6154 101.967 62.6308 50.2492
45.3412 45.0571 75.0692 71.5549 69.8164 72.2013 22.3693 10 70.0333 57.4236 32 86.6094 55.6508 29.7231 48.4187 33.8537 67.3847 101.81 63.7122 60.9608 58.0104 64.0833 49.2046 49.3573 50.4475 91.8352 51.7253 38.3019
35 60.2494 25.8114 28.0278 32.6716 35 79.2026 70.0333 10 30.6155 52.4264 28.0278 41.6228 50.3113 32.8035 50.2616 47.8021 42.0156 41.0644 52.4853 23.1529 22.0416 38.0179 30.8087 36.8328 34.1868 32.0227 47.4833
30 40 28.0278 24.1421 23 25.8114 68.6003 57.4236 30.6155 10 46.4005 41.6228 21.1803 39.1548 21.1803 34.2074 30.5913 57.4342 23.4164 32.8035 19.8995 35.4951 18.9443 27.2627 40.0832 45.7771 16.3246 30.2485
28.0278 50.3113 61.4782 59.2443 59.3356 62.2015 37.7308 32 52.4264 46.4005 10 70.208 50 21.1803 35.2982 31.9317 63 84.3303 57.1699 59.6488 42.7567 44.1321 41.0644 32.2036 28.9737 76.0681 40.0832 35
52.4264 70.8276 25 30 35.0799 35.4951 96.4523 86.6094 28.0278 41.6228 70.208 10 50.3113 67.0088 48.2753 65.0091 50.7922 25.8114 46.0555 58.1664 38.6007 39.1548 50.4969 48.1838 54.7772 16.3246 45.7771 61.4782
36.9258 30.6155 35.4951 30.6155 26.5529 28.0278 67.6975 55.6508 41.6228 21.1803 50 50.3113 10 40.4138 27.8885 31.9317 23 65.9017 18.0623 22.0416 30.8087 46.4005 19.2195 35.5539 48.4708 53.4166 23.6015 27.4642
25.8114 39.1548 56.0977 53.0116 52.0595 54.7214 39.7321 29.7231 50.3113 39.1548 21.1803 67.0088 40.4138 10 29.105 20.7703 53.2897 82.111 48.0789 49.1152 38.4253 44.9285 32.1359 29.6977 33.3452 72.3699 33.0217 24.1421
19.2195 40.0832 37.0185 34.1868 34.0416 36.9258 58.8365 48.4187 32.8035 21.1803 35.2982 48.2753 27.8885 29.105 10 27.4642 40.0832 63.7122 33.3452 39.6816 19.8489 31.8403 19.2195 17.8102 30.5913 53.4166 15 25
29.6469 28.6011 52.2019 48.2884 46.1248 48.4187 45.7771 33.8537 50.2616 34.2074 31.9317 65.0091 31.9317 20.7703 27.4642 10 44.2053 80.6824 39.9666 39.0172 37.2029 48.0526 25.5563 32.0907 40.4138 69.6825 29.2354 14.4721
49.2938 36.9072 36.2488 31.5407 26.1555 25.2971 79.6419 67.3847 47.8021 30.5913 63 50.7922 23 53.2897 40.0832 44.2053 10 65.0818 17.2111 18.9443 40.2324 55.4533 32.0907 47.3363 60.3289 52.0476 35.2982 39.8329
67.0088 86.4853 40.4138 45.3553 50.1123 50 111.213 101.81 42.0156 57.4342 84.3303 25.8114 65.9017 82.111 63.7122 80.6824 65.0818 10 61.0882 73.0079 53.909 51.2311 66.3028 62.8015 67.4891 23.0384 61.4782 77.2309
42.5576 36.8328 31.095 26.1245 21 21.4018 75.7419 63.7122 41.0644 23.4164 57.1699 46.0555 18.0623 48.0789 33.3452 39.9666 17.2111 61.0882 10 22.1655 33.0217 48.2884 26.1245 40.3645 53.3244 48.2099 28.4391 35.4951
48.4708 28.4391 43.2415 38.2843 33.0868 33.0217 73.3246 60.9608 52.4853 32.8035 59.6488 58.1664 22.0416 49.1152 39.6816 39.0172 18.9443 73.0079 22.1655 10 42.6497 58.2701 30.5913 47.4433 60.2494 60.04 35.6125 35.02
24.7648 47.6563 28.7883 27.2627 29.105 32.0907 68 58.0104 23.1529 19.8995 42.7567 38.6007 30.8087 38.4253 19.8489 37.2029 40.2324 53.909 33.0217 42.6497 10 25.6205 25.2971 20.7703 32.0227 43.9706 19.0554 34.3311
29.2354 61.8652 37.2947 38.4605 42.2025 44.9285 71.7738 64.0833 22.0416 35.4951 44.1321 39.1548 46.4005 44.9285 31.8403 48.0526 55.4533 51.2311 48.2884 58.2701 25.6205 10 39.9666 26 26.2788 45.4683 33.7065 46.4966
27.8885 32.3607 36.9258 32.8035 30.6155 33.0217 60.774 49.2046 38.0179 18.9443 41.0644 50.4969 19.2195 32.1359 19.2195 25.5563 32.0907 66.3028 26.1245 30.5913 25.2971 39.9666 10 27.0294 39.6816 54.7214 16.3246 21.4018
14.2426 47.1214 39.5466 37.8927 39.0689 42.0624 58.4149 49.3573 30.8087 27.2627 32.2036 48.1838 35.5539 29.6977 17.8102 32.0907 47.3363 62.8015 40.3645 47.4433 20.7703 26 27.0294 10 23 53.9318 22.083 30.8806
22.0416 57.8017 49.6232 49.0512 51.1096 54.1022 56.6154 50.4475 36.8328 40.0832 28.9737 54.7772 48.4708 33.3452 30.5913 40.4138 60.3289 67.4891 53.3244 60.2494 32.0227 26.2788 39.6816 23 10 61 35.0799 40.8058
58.1664 74.0312 28.0278 32.8035 37.2947 37.0185 101.967 91.8352 34.1868 45.7771 76.0681 16.3246 53.4166 72.3699 53.4166 69.6825 52.0476 23.0384 48.2099 60.04 43.9706 45.4683 54.7214 53.9318 61 10 50.4969 65.9464
24.1421 38.6356 33.3452 30 29.3132 32.1359 62.6308 51.7253 32.0227 16.3246 40.0832 45.7771 23.6015 33.0217 15 29.2354 35.2982 61.4782 28.4391 35.6125 19.0554 33.7065 16.3246 22.083 35.0799 50.4969 10 25.8114
29.2354 27.0294 48.2753 44.2053 41.8277 44.0588 50.2492 38.3019 47.4833 30.2485 35 61.4782 27.4642 24.1421 25 14.4721 39.8329 77.2309 35.4951 35.02 34.3311 46.4966 21.4018 30.8806 40.8058 65.9464 25.8114 10
0         960      
644       764      
371       491      
519       639      
0         917      
35        155      
657       777      
217       337      
0         925      
375       495      
601       721      
0         907      
694       814      
258       378      
157       277      
810       930      
286       406      
0         892      
365       485      
352       472      
0         935      
0         930      
260       380      
359       479      
0         937      
547       667      
0         935      
810       930      
