25
0 58.5235 57.0088 55.7136 52.2015 52 50.2892 51.0784 51.4782 47.4342 37.2022 40.3113 30.8058 35.3412 35.3412 18.0278 15.8114 29.1548 39.0512 13.0384 25.2982 25.4951 27.4591 12.0416 17.1172
68.5235 10 15 13 17.0711 17 18.6023 18 21.1803 21.1803 69.9083 75.192 68.258 75.6049 33.5372 55.2769 71.0328 40.4138 41.6228 64.4518 43.2415 49.0512 57.4236 63.8516 52.0476
67.0088 15 10 15.831 15 18.6023 17 19.434 24.1421 20 65.8032 71.0328 64.4885 71.7171 33 55 68.3095 40 43.541 64.037 41.7805 46.0555 53.8634 61.4296 50.1622
65.7136 13 15.831 10 15.3852 14 16.4031 15 18.6023 18.6023 68.3095 73.6318 66.4004 73.8201 30.6155 52.2966 68.6003 37.4591 38.7924 61.4782 40.4631 46.7967 55.4533 61.3128 49.3573
62.2015 17.0711 15 15.3852 10 15.3852 12 15.831 21.1803 15 63 68.3095 61.225 68.6003 28 50 64.0833 35 39.1548 59.0408 36.9258 42.0156 50.3609 57.0106 45.4683
62 17 18.6023 14 15.3852 10 15 11 15.831 15.831 66.356 71.7171 64.0833 71.5873 26.7631 48.3275 65.4437 33.5372 35.0799 57.5184 36.8328 43.9706 53.0116 58.0104 45.8469
60.2892 18.6023 17 16.4031 12 15 10 15.099 20.4403 13 61.9711 67.3062 60 67.4282 26 48 62.4309 33 37.4591 57.0425 35 40.4795 49.0512 55.2769 43.6155
61.0784 18 19.434 15 15.831 11 15.099 10 15.3852 15.3852 65.9017 71.2699 63.535 71.0574 25.8114 47.3363 64.6717 32.561 34.1661 56.5296 35.9422 43.3017 52.4382 57.2017 44.9857
61.4782 21.1803 24.1421 18.6023 21.1803 15.831 20.4403 15.3852 10 20 69.6154 75 66.8243 74.4127 26.4012 46.4005 66.5685 32.3607 30.6155 55.607 37.0185 46.0555 55.6508 58.8365 46.2353
57.4342 21.1803 20 18.6023 15 15.831 13 15.3852 20 10 60.5371 65.9017 58.2597 65.7584 23 45 60 30 35 54.0454 32.1359 38.2843 47.2022 52.72 40.8707
47.2022 69.9083 65.8032 68.3095 63 66.356 61.9711 65.9017 69.6154 60.5371 10 15.3852 16.4031 17.2801 56.0977 56.5725 32.6716 55.0999 70.075 57.8539 48.0526 35.1794 25.0333 35.5539 42.3883
50.3113 75.192 71.0328 73.6318 68.3095 71.7171 67.3062 71.2699 75 65.9017 15.3852 10 20.198 15.831 61.4198 60.9902 35 60.2494 75.192 61.6236 53.1856 40.4138 30.2237 39.1548 47.1214
40.8058 68.258 64.4885 66.4004 61.225 64.0833 60 63.535 66.8243 58.2597 16.4031 20.198 10 17.6158 52.3792 50.7922 26.4012 50.6079 65.4437 51.6293 43.541 31.1896 21.1803 29.2354 37.0185
45.3412 75.6049 71.7171 73.8201 68.6003 71.5873 67.4282 71.0574 74.4127 65.7584 17.2801 15.831 17.6158 10 59.98 57.2652 29.7231 58.0521 72.8013 57.1275 51 38.7924 28.7883 34.7386 44.0588
45.3412 33.5372 33 30.6155 28 26.7631 26 25.8114 26.4012 23 56.0977 61.4198 52.3792 59.98 10 32 50.3609 17 26.5529 41.0644 20.6301 31.1896 41.3209 42.5269 29.8494
28.0278 55.2769 55 52.2966 50 48.3275 48 47.3363 46.4005 45 56.5725 60.9902 50.7922 57.2652 32 10 40.4138 25 31.2132 19.2195 25.6525 35 42.6956 33.0217 24.7648
25.8114 71.0328 68.3095 68.6003 64.0833 65.4437 62.4309 64.6717 66.5685 60 32.6716 35 26.4012 29.7231 50.3609 40.4138 10 46.0555 59.2443 38.2843 39.8329 32.3607 28 18.0623 30.8087
39.1548 40.4138 40 37.4591 35 33.5372 33 32.561 32.3607 30 55.0999 60.2494 50.6079 58.0521 17 25 46.0555 10 25 34.0832 17.0711 30 40.0666 38.0179 25.2643
49.0512 41.6228 43.541 38.7924 39.1548 35.0799 37.4591 34.1661 30.6155 35 70.075 75.192 65.4437 72.8013 26.5529 31.2132 59.2443 25 10 39.4109 32.0227 45 55.0444 51.2311 39.1204
23.0384 64.4518 64.037 61.4782 59.0408 57.5184 57.0425 56.5296 55.607 54.0454 57.8539 61.6236 51.6293 57.1275 41.0644 19.2195 38.2843 34.0832 39.4109 10 33.5372 40 45.609 32.4722 29.4165
35.2982 43.2415 41.7805 40.4631 36.9258 36.8328 35 35.9422 37.0185 32.1359 48.0526 53.1856 43.541 51 20.6301 25.6525 39.8329 17.0711 32.0227 33.5372 10 23.0384 33.0217 31.9317 19.2195
35.4951 49.0512 46.0555 46.7967 42.0156 43.9706 40.4795 43.3017 46.0555 38.2843 35.1794 40.4138 31.1896 38.7924 31.1896 35 32.3607 30 45 40 23.0384 10 20.198 26.2788 20.6301
37.4591 57.4236 53.8634 55.4533 50.3609 53.0116 49.0512 52.4382 55.6508 47.2022 25.0333 30.2237 21.1803 28.7883 41.3209 42.6956 28 40.0666 55.0444 45.609 33.0217 20.198 10 25.6525 28.0278
22.0416 63.8516 61.4296 61.3128 57.0106 58.0104 55.2769 57.2017 58.8365 52.72 35.5539 39.1548 29.2354 34.7386 42.5269 33.0217 18.0623 38.0179 51.2311 32.4722 31.9317 26.2788 25.6525 10 22.8062
27.1172 52.0476 50.1622 49.3573 45.4683 45.8469 43.6155 44.9857 46.2353 40.8707 42.3883 47.1214 37.0185 44.0588 29.8494 24.7648 30.8087 25.2643 39.1204 29.4165 19.2195 20.6301 28.0278 22.8062 10
0         960      
469       709      
86        326      
89        329      
134       374      
186       426      
105       345      
561       801      
51        291      
427       667      
218       458      
269       509      
316       556      
157       397      
447       687      
497       737      
198       438      
107       347      
39        279      
506       746      
208       448      
181       421      
27        267      
295       535      
332       572      
