28
0 36.0555 33.541 31.6228 57.0088 55.7136 52.2015 52 50.2892 51.4782 44.2041 40.6079 38.0789 20 14.1421 29.1548 39.0512 25.2982 10 7.61577 12.0416 35.4683 32.2025 38.2099 4.24264 12.0416 21.095 20.5183
46.0555 10 56.0977 51.2311 97.4643 97.6584 93.2166 94.4038 91.5414 95.1469 57.2652 55.0444 45.3553 40 32.3607 73.6396 85 68.1378 38.2843 52.638 46.4005 81.4003 66.0089 66.5685 47.1214 57.8017 59.6488 55.3982
43.541 56.0977 10 15 95 92.1523 90 88.1601 88 85.6637 85.8222 82.3464 77.2681 28.0278 42.0156 65 67.0088 64.4518 49.0512 48.8973 55.2769 64.3415 25.5563 21.1803 39.5466 49.6232 63.7587 26
41.6228 51.2311 15 10 95.1469 92.6075 90.1561 88.6384 88.1601 86.4853 82.6223 79.2026 73.6396 24.1421 38.2843 65.2268 68.5235 64.037 46.0555 47.6563 52.9535 65.6597 29.4165 26.1245 37.8927 49.0512 62.3927 26.7631
67.0088 97.4643 95 95.1469 10 15.831 15 18.6023 17 24.1421 67.3062 65.7584 74.0312 86.4853 79.6419 40 43.541 41.7805 70.4152 59.4773 61.4296 44.176 84.8131 93.7257 69.2284 56.5296 48.0132 79
65.7136 97.6584 92.1523 92.6075 15.831 10 15.3852 14 16.4031 18.6023 70.4152 68.5918 76.2873 84.7262 78.8767 37.4591 38.7924 40.4631 70.0333 58.1041 61.3128 39.8329 81.2531 90.2247 67.5674 54.643 48.0132 76.1891
62.2015 93.2166 90 90.1561 15 15.3852 10 15.3852 12 21.1803 65.0364 63.2353 71.0328 81.5891 75 35 39.1548 36.9258 65.9017 54.643 57.0106 39.5466 79.8713 88.7718 64.3415 51.5933 43.6155 74
62 94.4038 88.1601 88.6384 18.6023 14 15.3852 10 15 15.831 68.8727 66.8595 74.1405 80.8802 75.2993 33.5372 35.0799 36.8328 66.6039 54.3847 58.0104 35.9615 77.2681 86.2365 63.7587 50.8044 44.8281 72.2013
60.2892 91.5414 88 88.1601 17 16.4031 12 15 10 20.4403 64.231 62.3259 69.9083 79.6348 73.1585 33 37.4591 35 64.1202 52.72 55.2769 37.7308 77.897 86.7919 62.3927 49.6232 41.9061 72
61.4782 95.1469 85.6637 86.4853 24.1421 18.6023 21.1803 15.831 20.4403 10 72.6418 70.407 77.082 79.6419 75.192 32.3607 30.6155 37.0185 67.0088 53.909 58.8365 32.0907 74.0078 83.0068 62.8015 49.8121 46.1248 69.8415
54.2041 57.2652 85.8222 82.6223 67.3062 70.4152 65.0364 68.8727 64.231 72.6418 10 13.6056 22 68.6003 54.6542 60.04 75.0308 53.1045 46.7967 52.9418 42.45 72.1289 86.4003 92.134 58.4149 56.6154 43.541 74.6607
50.6079 55.0444 82.3464 79.2026 65.7584 68.5918 63.2353 66.8595 62.3259 70.407 13.6056 10 20.4403 65.2178 51.3401 57 72 50.0125 43.3017 49.3573 38.8444 69.0339 82.8011 88.5684 54.8219 53.0813 40.2655 71.0737
48.0789 45.3553 77.2681 73.6396 74.0312 76.2873 71.0328 74.1405 69.9083 77.082 22 20.4403 10 59.4975 45.3553 60.9902 75.7647 53.9318 39.1548 48.833 37.6586 72.514 79.8355 84.6324 52.0476 53.4166 43.541 67.8014
30 40 28.0278 24.1421 86.4853 84.7262 81.5891 80.8802 79.6348 79.6419 68.6003 65.2178 59.4975 10 24.1421 57.4342 64.0833 54.7214 32.3607 37.1662 40.0832 60.774 36.0192 37.2029 27.2627 40.0832 51.0488 26.1555
24.1421 32.3607 42.0156 38.2843 79.6419 78.8767 75 75.2993 73.1585 75.192 54.6542 51.3401 45.3553 24.1421 10 53.0116 63.1507 48.4708 20 31.4009 29.105 59.5782 47.108 50.2492 24.7648 36.1725 42.0156 35.318
39.1548 73.6396 65 65.2268 40 37.4591 35 33.5372 33 32.3607 60.04 57 60.9902 57.4342 53.0116 10 25 17.0711 45.3553 31.6333 38.0179 22.1655 55.3542 64.1295 40.4631 27.4642 27.4642 49
49.0512 85 67.0088 68.5235 43.541 38.7924 39.1548 35.0799 37.4591 30.6155 75.0308 72 75.7647 64.0833 63.1507 25 10 32.0227 57.1699 42.45 51.2311 13.6056 54.1814 63.1507 48.8973 37.2029 42.249 51.7852
35.2982 68.1378 64.4518 64.037 41.7805 40.4631 36.9258 36.8328 35 37.0185 53.1045 50.0125 53.9318 54.7214 48.4708 17.0711 32.0227 10 40 27.72 31.9317 29.0263 56.6154 65.0273 37.4591 25 20.4403 48.6394
20 38.2843 49.0512 46.0555 70.4152 70.0333 65.9017 66.6039 64.1202 67.0088 46.7967 43.3017 39.1548 32.3607 20 45.3553 57.1699 40 10 24.7648 19.2195 53.566 50.7063 55.607 23.3417 30.1246 32.4722 38.6531
17.6158 52.638 48.8973 47.6563 59.4773 58.1041 54.643 54.3847 52.72 53.909 52.9418 49.3573 48.833 37.1662 31.4009 31.6333 42.45 27.72 24.7648 10 21.1803 38.8444 44.7131 51.8808 20 15.3852 24.8661 34.1868
22.0416 46.4005 55.2769 52.9535 61.4296 61.3128 57.0106 58.0104 55.2769 58.8365 42.45 38.8444 37.6586 40.0832 29.105 38.0179 51.2311 31.9317 19.2195 21.1803 10 47.6962 54.0454 60.2494 26.2788 26 23.4164 42.5269
45.4683 81.4003 64.3415 65.6597 44.176 39.8329 39.5466 35.9615 37.7308 32.0907 72.1289 69.0339 72.514 60.774 59.5782 22.1655 13.6056 29.0263 53.566 38.8444 47.6962 10 52.0119 61.0098 45.3836 33.6008 39.0689 48.8973
42.2025 66.0089 25.5563 29.4165 84.8131 81.2531 79.8713 77.2681 77.897 74.0078 86.4003 82.8011 79.8355 36.0192 47.108 55.3542 54.1814 56.6154 50.7063 44.7131 54.0454 52.0119 10 19 38.0179 43.2866 58.8262 22.083
48.2099 66.5685 21.1803 26.1245 93.7257 90.2247 88.7718 86.2365 86.7919 83.0068 92.134 88.5684 84.6324 37.2029 50.2492 64.1295 63.1507 65.0273 55.607 51.8808 60.2494 61.0098 19 10 43.9706 51.1461 66.4358 27.8045
14.2426 47.1214 39.5466 37.8927 69.2284 67.5674 64.3415 63.7587 62.3927 62.8015 58.4149 54.8219 52.0476 27.2627 24.7648 40.4631 48.8973 37.4591 23.3417 20 26.2788 45.3836 38.0179 43.9706 10 23 34.5153 26.2788
22.0416 57.8017 49.6232 49.0512 56.5296 54.643 51.5933 50.8044 49.6232 49.8121 56.6154 53.0813 53.4166 40.0832 36.1725 27.4642 37.2029 25 30.1246 15.3852 26 33.6008 43.2866 51.1461 23 10 25.6205 34.0416
31.095 59.6488 63.7587 62.3927 48.0132 48.0132 43.6155 44.8281 41.9061 46.1248 43.541 40.2655 43.541 51.0488 42.0156 27.4642 42.249 20.4403 32.4722 24.8661 23.4164 39.0689 58.8262 66.4358 34.5153 25.6205 10 48.9102
30.5183 55.3982 26 26.7631 79 76.1891 74 72.2013 72 69.8415 74.6607 71.0737 67.8014 26.1555 35.318 49 51.7852 48.6394 38.6531 34.1868 42.5269 48.8973 22.083 27.8045 26.2788 34.0416 48.9102 10
0         960      
674       734      
401       461      
535       622      
138       273      
78        339      
132       375      
252       359      
50        530      
71        208      
655       778      
377       857      
531       736      
405       465      
629       689      
197       257      
39        316      
298       358      
613       730      
817       942      
332       497      
164       644      
310       507      
389       449      
311       526      
457       937      
789       928      
338       398      
