33
0 30.8058 36.0555 45.1774 40.05 35.0571 45 35 45.0444 44.2041 43.0116 40.6079 36.0555 33.541 45.0444 38.0526 25 18.0278 14.1421 18.0278 26.9258 39.0512 13.0384 10 19.6469 25.4951 27.4591 42.9418 12.0416 27.0185 38.2099 52.4786 19.2354
40.8058 10 15.3852 83.3757 78.0074 73.2456 82.2772 72.6418 81.8053 56.0977 54.1475 53.566 48.3275 43.3766 82.8011 76.0984 55.0999 46.2491 27 58.8262 26.5529 79.814 52.4853 33.4307 24.3178 57.4236 52.2019 83.5731 41.9061 67.8014 61.9711 93.2166 22.0416
46.0555 15.3852 10 88.7464 83.3757 78.6222 87.6209 78.0074 87.1298 57.2652 55.2769 55.0444 50 45 88.1601 81.4703 60.2494 50.3113 32.3607 64.0833 30.6155 85 57.8539 38.2843 28.6011 61.4782 55.5412 88.8923 46.4005 73.0079 66.5685 98.5099 27.0294
55.1774 83.3757 88.7464 10 15.3852 20.198 14 20.7703 16 93.2406 92.7103 89.8123 86.6877 85.8024 12 17.2801 41.4006 66.0892 66.7539 40.5941 72.1772 35.807 42.1403 65.1453 74.6297 64.231 72.9365 27.4642 63.2353 37.2947 47.2156 33 73.3482
50.05 78.0074 83.3757 15.3852 10 15 15.3852 15.3852 16.4031 89.0569 88.4474 85.5844 82.2772 81.1969 15 12 36.2488 61.6624 61.4198 36.2488 66.8243 35.0799 37.0185 60.04 69.4138 60.5371 68.8727 28.1108 58.5077 34.2074 43.1059 35.4951 68.0517
45.0571 73.2456 78.6222 20.198 15 10 20.198 12 20.7703 84.3303 83.6817 80.8378 77.4463 76.2873 20 13 32.6716 56.8402 56.5725 31.5407 62.4786 33.5372 32.0227 55.0444 64.4518 56.1411 64.231 28.2483 53.566 30.5183 41.3209 36.9258 63.1507
55 82.2772 87.6209 14 15.3852 20.198 10 20 12 94.4334 93.8153 90.9568 87.6209 86.4853 12 17.2801 39.1548 67.0088 65.9017 41.6228 70.4152 39.1548 42.0156 65 74.195 65.9017 74.2573 31.1896 63.7587 39.4109 43.8378 37 72.6498
45 72.6418 78.0074 20.7703 15.3852 12 20 10 20.198 85.0267 84.3303 81.5122 78.0074 76.7083 20.198 13.6056 31.2132 57.4342 56.0977 32.3607 61.4782 35.4951 32.0227 55 64.231 57.1699 65.0364 30.2237 53.9318 32.0227 39.4109 38.7924 62.7731
55.0444 81.8053 87.1298 16 16.4031 20.7703 12 20.198 10 95.0941 94.4334 91.5966 88.1601 86.9025 14 18.0623 38.178 67.5674 65.5788 42.311 69.6154 40.8869 42.1403 65.0364 74.0703 66.8243 75 33.0868 64.1295 40.6105 42.2025 39 72.3939
54.2041 56.0977 57.2652 93.2406 89.0569 84.3303 94.4334 85.0267 95.0941 10 12 13.6056 18.6023 23 93.8153 87.1622 79.2026 37.7308 54.6542 62.811 67.6975 75.0308 64.5894 46.7967 45.7771 40.0666 30.3961 83.3348 42.45 66.8859 92.134 90 50.2492
53.0116 54.1475 55.2769 92.7103 88.4474 83.6817 93.8153 84.3303 94.4334 12 10 13 17.0711 21.1803 93.2406 86.5376 78.0074 36.9258 53.0116 62.2015 65.9017 75 63.6656 45.3553 44 40 30.0998 83.171 41.3847 66.5685 90.8084 90.025 48.4708
50.6079 53.566 55.0444 89.8123 85.5844 80.8378 90.9568 81.5122 91.5966 13.6056 13 10 15.3852 20.198 90.3617 83.6817 75.6049 34.1661 51.3401 59.3356 64.626 72 61 43.3017 42.6956 37 27.1172 80.1783 38.8444 63.6004 88.5684 87.026 47.1618
46.0555 48.3275 50 86.6877 82.2772 77.4463 87.6209 78.0074 88.1601 18.6023 17.0711 15.3852 10 15 87.1298 80.342 71.0328 30.6155 46.0555 56.0977 59.2443 70.208 57.0106 38.2843 37.313 35.4951 25.2971 78 34.5967 61.0882 83.7564 85.326 41.7805
43.541 43.3766 45 85.8024 81.1969 76.2873 86.4853 76.7083 86.9025 23 21.1803 20.198 15 10 86.1183 79.2315 68.3095 30 42.0156 55.2769 54.7214 70.8276 55.2217 35 32.8254 36.9258 27 78.1836 32.8035 61.0392 80.6045 85.9539 37.2947
55.0444 82.8011 88.1601 12 15 20 12 20.198 14 93.8153 93.2406 90.3617 87.1298 86.1183 10 17 40.2324 66.5155 66.2939 41.0483 71.2699 37.4591 42.0156 65.0364 74.3817 65.0364 73.5689 29.3132 63.4603 38.3019 45.5106 35 72.9682
48.0526 76.0984 81.4703 17.2801 12 13 17.2801 13.6056 18.0623 87.1622 86.5376 83.6817 80.342 79.2315 17 10 34.7588 59.7293 59.4773 34.3516 65.0727 34.3516 35.02 58.0416 67.4282 58.7647 67.0088 28 56.5296 32.6716 42.311 35.9615 66.0892
35 55.0999 60.2494 41.4006 36.2488 32.6716 39.1548 31.2132 38.178 79.2026 78.0074 75.6049 71.0328 68.3095 40.2324 34.7588 10 52.4264 40.4138 35.4951 41.6228 51.2311 27.4642 43.541 50.2616 57.1699 61.6624 49.3573 46.8782 42.0156 24.3178 58.8774 47.4833
28.0278 46.2491 50.3113 66.0892 61.6624 56.8402 67.0088 57.4342 67.5674 37.7308 36.9258 34.1661 30.6155 30 66.5155 59.7293 52.4264 10 35 35.4951 50 51.2311 36.9258 25 31.9317 21.1803 19.434 58.2597 16.3246 41.0644 66.0803 66.2939 35
24.1421 27 32.3607 66.7539 61.4198 56.5725 65.9017 56.0977 65.5788 54.6542 53.0116 51.3401 46.0555 42.0156 66.2939 59.4773 40.4138 35 10 42.0156 25 63.1507 35.4951 20 20.2956 45.3553 43.3766 66.6039 29.105 51.1096 50.2492 76.2873 17.0711
28.0278 58.8262 64.0833 40.5941 36.2488 31.5407 41.6228 32.3607 42.311 62.811 62.2015 59.3356 56.0977 55.2769 41.0483 34.3516 35.4951 35.4951 42.0156 10 53.0116 31.2132 19.2195 36.9258 47.1618 35 42.6956 35.0799 33.0217 19.2195 49.5601 44.4819 47.2156
36.9258 26.5529 30.6155 72.1772 66.8243 62.4786 70.4152 61.4782 69.6154 67.6975 65.9017 64.626 59.2443 54.7214 71.2699 65.0727 41.6228 50 25 53.0116 10 74.0312 44.7131 35 31.9317 60.2494 58.2597 75.7951 44.0588 62.2015 46.1248 85.6902 27.4642
49.0512 79.814 85 35.807 35.0799 33.5372 39.1548 35.4951 40.8869 75.0308 75 72 70.208 70.8276 37.4591 34.3516 51.2311 51.2311 63.1507 31.2132 74.0312 10 39.4109 57.1699 67.4543 45 55.0444 19.434 51.2311 22.0416 63.1507 25.1327 68.0086
23.0384 52.4853 57.8539 42.1403 37.0185 32.0227 42.0156 32.0227 42.1403 64.5894 63.6656 61 57.0106 55.2217 42.0156 35.02 27.4642 36.9258 35.4951 19.2195 44.7131 39.4109 10 33.0217 42.5576 40 45.609 41.4006 32.4722 27.8885 41.7805 51.2311 41.6228
20 33.4307 38.2843 65.1453 60.04 55.0444 65 55 65.0364 46.7967 45.3553 43.3017 38.2843 35 65.0364 58.0416 43.541 25 20 36.9258 35 57.1699 33.0217 10 20.2956 35.4951 33.5372 62 19.2195 45.3553 55.607 71.2699 21.4018
29.6469 24.3178 28.6011 74.6297 69.4138 64.4518 74.195 64.231 74.0703 45.7771 44 42.6956 37.313 32.8254 74.3817 67.4282 50.2616 31.9317 20.2956 47.1618 31.9317 67.4543 42.5576 20.2956 10 43.1059 38.2843 72.2415 27.8045 55.6508 60.5371 81.5542 14.4721
35.4951 57.4236 61.4782 64.231 60.5371 56.1411 65.9017 57.1699 66.8243 40.0666 40 37 35.4951 36.9258 65.0364 58.7647 57.1699 21.1803 45.3553 35 60.2494 45 40 35.4951 43.1059 10 20.198 53.2897 26.2788 37.2029 71.4003 60.04 46.0555
37.4591 52.2019 55.5412 72.9365 68.8727 64.231 74.2573 65.0364 75 30.3961 30.0998 27.1172 25.2971 27 73.5689 67.0088 61.6624 19.434 43.3766 42.6956 58.2597 55.0444 45.609 33.5372 38.2843 20.198 10 63.0848 25.6525 46.4966 75.437 70.1332 42.0624
52.9418 83.5731 88.8923 27.4642 28.1108 28.2483 31.1896 30.2237 33.0868 83.3348 83.171 80.1783 78 78.1836 29.3132 28 49.3573 58.2597 66.6039 35.0799 75.7951 19.434 41.4006 62 72.2415 53.2897 63.0848 10 57.2969 27.2627 59.4773 19.8995 72.1772
22.0416 41.9061 46.4005 63.2353 58.5077 53.566 63.7587 53.9318 64.1295 42.45 41.3847 38.8444 34.5967 32.8035 63.4603 56.5296 46.8782 16.3246 29.105 33.0217 44.0588 51.2311 32.4722 19.2195 27.8045 26.2788 25.6525 57.2969 10 40.0832 60.2494 65.9732 30.1246
37.0185 67.8014 73.0079 37.2947 34.2074 30.5183 39.4109 32.0227 40.6105 66.8859 66.5685 63.6004 61.0882 61.0392 38.3019 32.6716 42.0156 41.0644 51.1096 19.2195 62.2015 22.0416 27.8885 45.3553 55.6508 37.2029 46.4966 27.2627 40.0832 10 55.2769 36 56.0435
48.2099 61.9711 66.5685 47.2156 43.1059 41.3209 43.8378 39.4109 42.2025 92.134 90.8084 88.5684 83.7564 80.6045 45.5106 42.311 24.3178 66.0803 50.2492 49.5601 46.1248 63.1507 41.7805 55.607 60.5371 71.4003 75.437 59.4773 60.2494 55.2769 10 68.1893 57.0106
62.4786 93.2166 98.5099 33 35.4951 36.9258 37 38.7924 39 90 90.025 87.026 85.326 85.9539 35 35.9615 58.8774 66.2939 76.2873 44.4819 85.6902 25.1327 51.2311 71.2699 81.5542 60.04 70.1332 19.8995 65.9732 36 68.1893 10 81.6938
29.2354 22.0416 27.0294 73.3482 68.0517 63.1507 72.6498 62.7731 72.3939 50.2492 48.4708 47.1618 41.7805 37.2947 72.9682 66.0892 47.4833 35 17.0711 47.2156 27.4642 68.0086 41.6228 21.4018 14.4721 46.0555 42.0624 72.1772 30.1246 56.0435 57.0106 81.6938 10
0         960      
0         919      
644       764      
0         904      
0         909      
0         914      
0         905      
375       495      
201       321      
657       777      
43        163      
0         909      
64        184      
33        153      
0         904      
440       560      
0         925      
0         931      
599       719      
557       677      
0         923      
0         910      
566       686      
612       732      
810       930      
0         924      
0         922      
268       388      
0         937      
395       515      
359       479      
0         897      
810       930      
