31
0 33.3017 35.3553 39.0512 33.541 31.6228 33.5261 32.3883 38.0789 35.3553 39.2938 41.2311 40.3113 38.3275 25 18.0278 26.9258 42.4264 9.21954 39.2938 36.0555 57.0088 32.5576 38.4708 7.61577 32.2025 38.2099 12.0416 15.5242 48.1664 20.5183
43.3017 10 13 15.831 50.7922 45.9026 46.4005 41.6228 52.0595 42.6956 48.4838 49.3573 44.9857 44 55.5412 61.225 61.4198 65.5788 36.4197 31.9317 65.0364 81.1969 31.4709 23.8924 50.3113 61.0882 61.3517 55.2769 52.5441 68.6941 50.7922
45.3553 13 10 15 50.3113 45.3553 45.6931 40.8058 51.2311 41.6228 47.3363 48.0789 43.541 42.6956 56.0977 63.1507 62.2015 65.2268 38.0179 29.8494 65.2268 80.7107 30.2485 21.4018 52.5206 61.3517 61.0882 57.3814 55.1774 68.0517 51.4849
49.0512 15.831 15 10 55.2769 50.3113 50.6079 45.6931 56.0977 46.4005 52.0595 52.72 48.0789 47.3363 60.9902 67.0088 67.0088 70.208 42.249 33.8537 70.208 85.6637 35 25 55.9674 66.3205 66.0803 60.9902 57.7074 72.9682 56.3249
43.541 50.7922 50.3113 55.2769 10 15 15.3852 20.198 15 21.1803 19.434 21.1803 24.1421 22.8062 25.8114 50 32.3607 25 37.0185 36.2488 28.0278 40.4138 31.095 43.2415 48.8973 25.5563 21.1803 49.6232 58.8467 28.0278 26
41.6228 45.9026 45.3553 50.3113 15 10 12 15.3852 17.0711 17.0711 18 20 21.1803 19.434 28.0278 50.3113 35 30 34.1868 31.5407 32.3607 45.3553 26.1245 38.2843 47.6563 29.4165 26.1245 49.0512 57.1275 32.8035 26.7631
43.5261 46.4005 45.6931 50.6079 15.3852 12 10 15 15.831 15.831 16 18 19.434 17.8102 29.7231 52.2966 36.6271 30.0998 35.9422 30.8806 33.3238 45.1283 26 38.0713 49.6232 30.6155 26.4924 51.0488 59.0408 32.3607 28.6815
42.3883 41.6228 40.8058 45.6931 20.198 15.3852 15 10 20.4403 13 17.8102 19.434 18 16 32.6716 53.1741 39.7321 35.0799 34.0416 26.1555 37.7308 50.1123 21 33.0868 49.0512 34.6982 31.3776 51.1096 57.8539 37.2947 30.5913
48.0789 52.0595 51.2311 56.0977 15 17.0711 15.831 20.4403 10 20 15.831 17.0711 21.1803 20.4403 30.6155 55 36.9258 25.8114 41.0644 35.1794 31.2132 40 31.2132 43.0151 53.6807 29.4165 23.0384 54.5533 63.4883 27.0294 31
45.3553 42.6956 41.6228 46.4005 21.1803 17.0711 15.831 13 20 10 15.831 17.0711 15 13 35 56.0977 42.0156 35.4951 36.9258 25.2971 39.1548 50 21.4018 33.0217 52.0476 36.4008 32.1359 54.1022 60.8035 37.0185 33.2594
49.2938 48.4838 47.3363 52.0595 19.434 18 16 17.8102 15.831 15.831 10 12 15.3852 15 35.0799 58.2597 41.7648 31.5407 41.3847 30 36.9072 45.1283 27.088 38.2843 55.5412 34.8395 28.868 57.0425 64.8179 32.0907 34.5153
51.2311 49.3573 48.0789 52.72 21.1803 20 18 19.434 17.0711 17.0711 12 10 15 15.3852 36.9258 60.2494 43.541 32.3607 43.2415 30.0998 38.2843 45.3553 27.8885 38.6356 57.5184 36.4008 30 59.0408 66.7539 32.3607 36.4764
50.3113 44.9857 43.541 48.0789 24.1421 21.1803 19.434 18 21.1803 15 15.3852 15 10 12 39.1548 60.9902 46.0555 36.9258 41.7805 25.1327 42.0156 50.3113 23.6015 33.7697 57.0425 39.6985 34.1868 59.0918 65.7315 37.2947 37.8568
48.3275 44 42.6956 47.3363 22.8062 19.434 17.8102 16 20.4403 13 15 15.3852 12 10 37.4591 59.0306 44.4093 36.2488 39.8329 25 40.8058 50.1123 22.53 33.3452 55.0444 38.3196 33.2594 57.0956 63.7587 37.074 36
35 55.5412 56.0977 60.9902 25.8114 28.0278 29.7231 32.6716 30.6155 35 35.0799 36.9258 39.1548 37.4591 10 35.4951 17.0711 28.0278 32.8035 47.8021 21.1803 42.0156 41.0644 52.4853 37.8029 17.2111 24.3178 36.8328 48.4187 34.1868 15.099
28.0278 61.225 63.1507 67.0088 50 50.3113 52.2966 53.1741 55 56.0977 58.2597 60.2494 60.9902 59.0306 35.4951 10 32.3607 52.72 35.4951 64.1202 43.541 64.0833 56.9574 65 22.3693 41.0161 49.5601 17.0711 29.6469 59.0408 34
36.9258 61.4198 62.2015 67.0088 32.3607 35 36.6271 39.7321 36.9258 42.0156 41.7648 43.541 46.0555 44.4093 17.0711 32.3607 10 30.6155 37.0185 54.8219 21.1803 42.0156 48.0132 59.2443 37.8029 19.0554 28.0278 35.4951 48.2884 36.9258 20.7703
52.4264 65.5788 65.2268 70.208 25 30 30.0998 35.0799 25.8114 35.4951 31.5407 32.3607 36.9258 36.2488 28.0278 52.72 30.6155 10 48.2753 50.7922 20 25.8114 46.0555 58.1664 55.8039 21.7047 14.4721 54.7772 66.4004 16.3246 31.9317
19.2195 36.4197 38.0179 42.249 37.0185 34.1868 35.9422 34.0416 41.0644 36.9258 41.3847 43.2415 41.7805 39.8329 32.8035 35.4951 37.0185 48.2753 10 40.0832 43.8378 63.7122 33.3452 39.6816 26.7631 39.7321 43.8378 30.5913 34.0832 53.4166 27.72
49.2938 31.9317 29.8494 33.8537 36.2488 31.5407 30.8806 26.1555 35.1794 25.2971 30 30.0998 25.1327 25 47.8021 64.1202 54.8219 50.7922 40.0832 10 53.8634 65.0818 17.2111 18.9443 56.8402 50.7063 47.3631 60.3289 63.3385 52.0476 44.6554
46.0555 65.0364 65.2268 70.208 28.0278 32.3607 33.3238 37.7308 31.2132 39.1548 36.9072 38.2843 42.0156 40.8058 21.1803 43.541 21.1803 20 43.8378 53.8634 10 31.2132 47.9473 60 48.1838 14.1231 18.9443 46.4005 58.7955 26.1245 26.1555
67.0088 81.1969 80.7107 85.6637 40.4138 45.3553 45.1283 50.1123 40 50 45.1283 45.3553 50.3113 50.1123 42.0156 64.0833 42.0156 25.8114 63.7122 65.0818 31.2132 10 61.0882 73.0079 69.397 34.8395 30.2485 67.4891 80.0071 23.0384 46.6197
42.5576 31.4709 30.2485 35 31.095 26.1245 26 21 31.2132 21.4018 27.088 27.8885 23.6015 22.53 41.0644 56.9574 48.0132 46.0555 33.3452 17.2111 47.9473 61.0882 10 22.1655 50.025 44.5398 42.249 53.3244 57.0425 48.2099 37.6586
48.4708 23.8924 21.4018 25 43.2415 38.2843 38.0713 33.0868 43.0151 33.0217 38.2843 38.6356 33.7697 33.3452 52.4853 65 59.2443 58.1664 39.6816 18.9443 60 73.0079 22.1655 10 56.0652 56.4866 54.4072 60.2494 60.9608 60.04 48.5876
17.6158 50.3113 52.5206 55.9674 48.8973 47.6563 49.6232 49.0512 53.6807 52.0476 55.5412 57.5184 57.0425 55.0444 37.8029 22.3693 37.8029 55.8039 26.7631 56.8402 48.1838 69.397 50.025 56.0652 10 44.7131 51.8808 15.3852 20.6301 61.8652 34.1868
42.2025 61.0882 61.3517 66.3205 25.5563 29.4165 30.6155 34.6982 29.4165 36.4008 34.8395 36.4008 39.6985 38.3196 17.2111 41.0161 19.0554 21.7047 39.7321 50.7063 14.1231 34.8395 44.5398 56.4866 44.7131 10 19 43.2866 55.3431 28.0278 22.083
48.2099 61.3517 61.0882 66.0803 21.1803 26.1245 26.4924 31.3776 23.0384 32.1359 28.868 30 34.1868 33.2594 24.3178 49.5601 28.0278 14.4721 43.8378 47.3631 18.9443 30.2485 42.249 54.4072 51.8808 19 10 51.1461 62.4309 20 27.8045
22.0416 55.2769 57.3814 60.9902 49.6232 49.0512 51.0488 51.1096 54.5533 54.1022 57.0425 59.0408 59.0918 57.0956 36.8328 17.0711 35.4951 54.7772 30.5913 60.3289 46.4005 67.4891 53.3244 60.2494 15.3852 43.2866 51.1461 10 23.4164 61 34.0416
25.5242 52.5441 55.1774 57.7074 58.8467 57.1275 59.0408 57.8539 63.4883 60.8035 64.8179 66.7539 65.7315 63.7587 48.4187 29.6469 48.2884 66.4004 34.0832 63.3385 58.7955 80.0071 57.0425 60.9608 20.6301 55.3431 62.4309 23.4164 10 72.426 44.6699
58.1664 68.6941 68.0517 72.9682 28.0278 32.8035 32.3607 37.2947 27.0294 37.0185 32.0907 32.3607 37.2947 37.074 34.1868 59.0408 36.9258 16.3246 53.4166 52.0476 26.1245 23.0384 48.2099 60.04 61.8652 28.0278 20 61 72.426 10 37.8029
30.5183 50.7922 51.4849 56.3249 26 26.7631 28.6815 30.5913 31 33.2594 34.5153 36.4764 37.8568 36 15.099 34 20.7703 31.9317 27.72 44.6554 26.1555 46.6197 37.6586 48.5876 34.1868 22.083 27.8045 34.0416 44.6699 37.8029 10
0         960      
249       646      
281       438      
272       581      
236       625      
470       687      
33        510      
166       399      
359       911      
35        457      
39        538      
214       415      
359       909      
38        366      
109       360      
404       829      
347       566      
42        466      
9         532      
255       436      
427       913      
183       400      
195       654      
258       565      
426       942      
332       485      
365       472      
651       906      
538       705      
546       667      
170       565      
