26
0 33.541 31.6228 38.0789 40.3113 37.2022 35.3412 14.1421 15.8114 29.1548 20.6155 10 25.4951 27.4591 36.0555 7.61577 12.0416 32.2025 38.2099 4.24264 12.0416 14.7648 21.095 20.6155 48.1664 20.5183
43.541 10 15 15 24.1421 78.7677 75.0692 42.0156 56.0977 65 45.3553 49.0512 68.5235 70.9016 28.0278 48.8973 55.2769 25.5563 21.1803 39.5466 49.6232 53.7379 63.7587 56.0435 28.0278 26
41.6228 15 10 17.0711 21.1803 75.6049 71.5549 38.2843 53.0116 65.2268 46.4005 46.0555 67.0088 68.6003 32.3607 47.6563 52.9535 29.4165 26.1245 37.8927 49.0512 53.1045 62.3927 56.0977 32.8035 26.7631
48.0789 15 17.0711 10 21.1803 82.6223 78.6222 45.3553 60 70 50.3113 53.0116 73.2456 75.2993 31.2132 53.6807 59.6488 29.4165 23.0384 44.176 54.5533 58.6621 68.5235 61.0392 27.0294 31
50.3113 24.1421 21.1803 21.1803 10 81.1969 76.2873 43.541 59.2443 75.7647 57.4342 52.72 75.7647 76.0984 42.0156 57.0425 60.6952 39.6985 34.1868 47.054 59.0918 63.0377 71.4003 66.5685 37.2947 37.8568
47.2022 78.7677 75.6049 82.6223 81.1969 10 17.2801 47.7359 32.6716 55.0999 62.811 39.7321 35.1794 25.0333 83.2393 46.2491 35.5539 79.4046 85.0733 51.4005 50.1622 48.0789 38.0179 53.4166 94.8999 67.6281
45.3412 75.0692 71.5549 78.6222 76.2873 17.2801 10 43.3017 29.7231 58.0521 62.9528 36.6271 38.7924 28.7883 81.1969 45.9026 34.7386 77.2309 82.2011 49.3573 50.4475 49.0512 40.5941 55.0111 91.8352 65.2268
24.1421 42.0156 38.2843 45.3553 43.541 47.7359 43.3017 10 25.8114 53.0116 43.541 20 45.3553 43.3766 51.2311 31.4009 29.105 47.108 50.2492 24.7648 36.1725 38.6007 42.0156 44.7131 59.3964 35.318
25.8114 56.0977 53.0116 60 59.2443 32.6716 29.7231 25.8114 10 46.0555 45 17.0711 32.3607 28 61.4782 28.1108 18.0623 57.5079 62.6308 29.6977 33.3452 33.4094 30.6155 40.0832 72.3699 45.5106
39.1548 65 65.2268 70 75.7647 55.0999 58.0521 53.0116 46.0555 10 30.6155 45.3553 30 40.0666 57.4342 31.6333 38.0179 55.3542 64.1295 40.4631 27.4642 24.4222 27.4642 19.2195 73.3246 49
30.6155 45.3553 46.4005 50.3113 57.4342 62.811 62.9528 43.541 45 30.6155 10 40.4138 42.0156 49.3573 36.9258 27.1172 38.2843 34.7386 43.541 28.7883 22.6491 25.2643 37.2029 23.0384 52.72 29.6469
20 49.0512 46.0555 53.0116 52.72 39.7321 36.6271 20 17.0711 45.3553 40.4138 10 35.4951 33.5372 54.7214 24.7648 19.2195 50.7063 55.607 23.3417 30.1246 31.4009 32.4722 38.0179 65.3173 38.6531
35.4951 68.5235 67.0088 73.2456 75.7647 35.1794 38.7924 45.3553 32.3607 30 42.0156 35.4951 10 20.198 67.0088 29.6977 26.2788 63.8238 71.4003 39.1204 30.6155 26.9706 15 30.1246 81.3442 53.8292
37.4591 70.9016 68.6003 75.2993 76.0984 25.0333 28.7883 43.3766 28 40.0666 49.3573 33.5372 20.198 10 72.2415 34.0832 25.6525 68.6941 75.437 41.6228 36.9258 34.1661 23.1529 38.8617 85.4321 57.634
46.0555 28.0278 32.3607 31.2132 42.0156 83.2393 81.1969 51.2311 61.4782 57.4342 36.9258 54.7214 67.0088 72.2415 10 48.1838 57.8017 14.1231 18.9443 41.9061 46.4005 50.2244 62.0096 49.8121 26.1245 26.1555
17.6158 48.8973 47.6563 53.6807 57.0425 46.2491 45.9026 31.4009 28.1108 31.6333 27.1172 24.7648 29.6977 34.0832 48.1838 10 21.1803 44.7131 51.8808 20 15.3852 17.2111 24.8661 23.4536 61.8652 34.1868
22.0416 55.2769 52.9535 59.6488 60.6952 35.5539 34.7386 29.105 18.0623 38.0179 38.2843 19.2195 26.2788 25.6525 57.8017 21.1803 10 54.0454 60.2494 26.2788 26 25.5242 23.4164 32.1359 70.208 42.5269
42.2025 25.5563 29.4165 29.4165 39.6985 79.4046 77.2309 47.108 57.5079 55.3542 34.7386 50.7063 63.8238 68.6941 14.1231 44.7131 54.0454 10 19 38.0179 43.2866 47.2156 58.8262 47.3363 28.0278 22.083
48.2099 21.1803 26.1245 23.0384 34.1868 85.0733 82.2011 50.2492 62.6308 64.1295 43.541 55.607 71.4003 75.437 18.9443 51.8808 60.2494 19 10 43.9706 51.1461 55.1885 66.4358 55.8803 20 27.8045
14.2426 39.5466 37.8927 44.176 47.054 51.4005 49.3573 24.7648 29.6977 40.4631 28.7883 23.3417 39.1204 41.6228 41.9061 20 26.2788 38.0179 43.9706 10 23 26.4924 34.5153 31.4709 53.9318 26.2788
22.0416 49.6232 49.0512 54.5533 59.0918 50.1622 50.4475 36.1725 33.3452 27.4642 22.6491 30.1246 30.6155 36.9258 46.4005 15.3852 26 43.2866 51.1461 23 10 14.1231 25.6205 18.6023 61 34.0416
24.7648 53.7379 53.1045 58.6621 63.0377 48.0789 49.0512 38.6007 33.4094 24.4222 25.2643 31.4009 26.9706 34.1661 50.2244 17.2111 25.5242 47.2156 55.1885 26.4924 14.1231 10 22.0416 16.7082 65.0091 38.1603
31.095 63.7587 62.3927 68.5235 71.4003 38.0179 40.5941 42.0156 30.6155 27.4642 37.2029 32.4722 15 23.1529 62.0096 24.8661 23.4164 58.8262 66.4358 34.5153 25.6205 22.0416 10 25.8114 76.3702 48.9102
30.6155 56.0435 56.0977 61.0392 66.5685 53.4166 55.0111 44.7131 40.0832 19.2195 23.0384 38.0179 30.1246 38.8617 49.8121 23.4536 32.1359 47.3363 55.8803 31.4709 18.6023 16.7082 25.8114 10 65.3624 40.0666
58.1664 28.0278 32.8035 27.0294 37.2947 94.8999 91.8352 59.3964 72.3699 73.3246 52.72 65.3173 81.3442 85.4321 26.1245 61.8652 70.208 28.0278 20 53.9318 61 65.0091 76.3702 65.3624 10 37.8029
30.5183 26 26.7631 31 37.8568 67.6281 65.2268 35.318 45.5106 49 29.6469 38.6531 53.8292 57.634 26.1555 34.1868 42.5269 22.083 27.8045 26.2788 34.0416 38.1603 48.9102 40.0666 37.8029 10
0         960      
371       491      
519       639      
653       773      
703       823      
278       398      
217       337      
599       719      
258       378      
167       287      
191       311      
612       732      
241       361      
60        180      
645       765      
822       942      
355       475      
349       469      
359       479      
359       479      
719       839      
14        134      
808       928      
100       220      
547       667      
308       428      
