26
0 33.5261 35.3553 39.2938 40.05 45 45.0444 35.0571 45.2769 58.5235 51.0784 47.4342 40.3113 30.8058 38.3275 45.0444 35.3412 25 18.0278 47.1699 42.4264 57.0088 49.98 27.0185 52.4786 17.1172
43.5261 10 15.831 16 55.3431 57.4236 56.0977 49.0512 54.2041 97.5728 89.6304 87.1622 78.7677 71.0328 17.8102 58.7955 74.195 29.7231 52.2966 40.8058 30.0998 45.1283 49.9249 60.2195 78.6003 59.6488
45.3553 15.831 10 15.831 60.9313 63.1507 61.8556 54.5982 60 101.241 93.3607 90.6226 78.0074 70.9016 13 64.4885 77.7422 35 56.0977 46.4005 35.4951 50 55.6946 64.4059 83.7835 62.0865
49.2938 16 15.831 10 60 61.6624 60.2096 53.8292 58.1041 103.536 95.5862 93.1505 83.4098 76.0379 15 63.1507 80.1783 35.0799 58.2597 42.6956 31.5407 45.1283 52.5441 66.0892 83.8241 65.5788
50.05 55.3431 60.9313 60 10 15.3852 16.4031 16.4031 18.6023 66.648 59.2443 59.7393 87.1298 76.9403 63.1507 15 49.0512 36.2488 36.2488 37 43.5261 47.3363 30.2485 34.2074 35.4951 50.8534
55 57.4236 63.1507 61.6624 15.3852 10 12 20.198 15 70.4152 63.2353 64.0833 92.4621 82.2772 65.1725 12 53.8634 39.1548 41.6228 35.4951 43.541 45 27.1172 39.4109 37 56.2385
55.0444 56.0977 61.8556 60.2096 16.4031 12 10 20 13 72.2415 65.0091 65.7584 92.9699 82.8011 63.8145 14 55.3431 38.178 42.311 33.5372 41.7648 43 25.1327 40.6105 39 57.0106
45.0571 49.0512 54.5982 53.8292 16.4031 20.198 20 10 20.4403 68.9406 61.2445 61.0784 83.3757 73.2456 56.8615 20.7703 49.4462 29.8494 33.3238 33.5372 38.4429 44.4819 29.2094 33.6008 40.6757 48.0789
55.2769 54.2041 60 58.1041 18.6023 15 13 20.4403 10 75 67.6975 68.3095 93.8153 83.6817 61.8556 17 57.634 36.9258 43.541 30.6155 39.1548 40 22.1655 42.5576 42 58.3011
68.5235 97.5728 101.241 103.536 66.648 70.4152 72.2415 68.9406 75 10 18 21.1803 75.192 68.258 104.202 68.6003 33.5372 80 55.2769 92.4621 95.5862 103.408 86.896 48.0132 47.5366 52.0476
61.0784 89.6304 93.3607 95.5862 59.2443 63.2353 65.0091 61.2445 67.6975 18 10 15.3852 71.2699 63.535 96.3134 61.4782 25.8114 72 47.3363 84.7262 87.6466 95.7263 79.4622 40.0167 42.0156 44.9857
57.4342 87.1622 90.6226 93.1505 59.7393 64.0833 65.7584 61.0784 68.3095 21.1803 15.3852 10 65.9017 58.2597 93.6002 62.4309 23 70.208 45 84.3303 86.4853 95.44 79.7711 38.6356 44.9857 40.8707
50.3113 78.7677 78.0074 83.4098 87.1298 92.4621 92.9699 83.3757 93.8153 75.192 71.2699 65.9017 10 20.198 80.4557 92 61.4198 75.192 60.9902 97.4643 92.0061 107.082 99.9611 66.0803 90.3057 47.1214
40.8058 71.0328 70.9016 76.0379 76.9403 82.2772 82.8011 73.2456 83.6817 68.258 63.535 58.2597 20.198 10 73.5295 81.8053 52.3792 65.8032 50.7922 87.9359 83 97.8009 90.0562 56.0109 80.5762 37.0185
48.3275 17.8102 13 15 63.1507 65.1725 63.8145 56.8615 61.8556 104.202 96.3134 93.6002 80.4557 73.5295 10 66.5685 80.7107 37.4591 59.0306 47.3363 36.2488 50.1123 56.9574 67.28 86.3217 65.0818
55.0444 58.7955 64.4885 63.1507 15 12 14 20.7703 17 68.6003 61.4782 62.4309 92 81.8053 66.5685 10 52.4264 40.2324 41.0483 37.4591 45.3412 47 29.105 38.3019 35 55.5412
45.3412 74.195 77.7422 80.1783 49.0512 53.8634 55.3431 49.4462 57.634 33.5372 25.8114 23 61.4198 52.3792 80.7107 52.4264 10 57.2652 32 72.2415 73.7887 83.4098 68.5235 26.1555 40.4138 29.8494
35 29.7231 35 35.0799 36.2488 39.1548 38.178 29.8494 36.9258 80 72 70.208 75.192 65.8032 37.4591 40.2324 57.2652 10 35.4951 32.3607 28.0278 42.0156 37.074 42.0156 58.8774 46.7151
28.0278 52.2966 56.0977 58.2597 36.2488 41.6228 42.311 33.3238 43.541 55.2769 47.3363 45 60.9902 50.7922 59.0306 41.0483 32 35.4951 10 53.0116 52.72 64.0833 51.8688 19.2195 44.4819 24.7648
57.1699 40.8058 46.4005 42.6956 37 35.4951 33.5372 33.5372 30.6155 92.4621 84.7262 84.3303 97.4643 87.9359 47.3363 37.4591 72.2415 32.3607 53.0116 10 21.1803 21.1803 20.6301 56.0977 62.2398 66.6392
52.4264 30.0998 35.4951 31.5407 43.5261 43.541 41.7648 38.4429 39.1548 95.5862 87.6466 86.4853 92.0061 83 36.2488 45.3412 73.7887 28.0278 52.72 21.1803 10 25.8114 31.4009 57.8539 68.9406 64.7083
67.0088 45.1283 50 45.1283 47.3363 45 43 44.4819 40 103.408 95.7263 95.44 107.082 97.8009 50.1123 47 83.4098 42.0156 64.0833 21.1803 25.8114 10 28.1108 67.2713 72 77.4759
59.98 49.9249 55.6946 52.5441 30.2485 27.1172 25.1327 29.2094 22.1655 86.896 79.4622 79.7711 99.9611 90.0562 56.9574 29.105 68.5235 37.074 51.8688 20.6301 31.4009 28.1108 10 52.8019 54.0454 66.4004
37.0185 60.2195 64.4059 66.0892 34.2074 39.4109 40.6105 33.6008 42.5576 48.0132 40.0167 38.6356 66.0803 56.0109 67.28 38.3019 26.1555 42.0156 19.2195 56.0977 57.8539 67.2713 52.8019 10 36 29
62.4786 78.6003 83.7835 83.8241 35.4951 37 39 40.6757 42 47.5366 42.0156 44.9857 90.3057 80.5762 86.3217 35 40.4138 58.8774 44.4819 62.2398 68.9406 72 54.0454 36 10 54.1475
27.1172 59.6488 62.0865 65.5788 50.8534 56.2385 57.0106 48.0789 58.3011 52.0476 44.9857 40.8707 47.1214 37.0185 65.0818 55.5412 29.8494 46.7151 24.7648 66.6392 64.7083 77.4759 66.4004 29 54.1475 10
0         960      
195       315      
35        155      
174       294      
254       374      
215       335      
201       321      
681       801      
784       904      
529       649      
621       741      
487       607      
329       449      
376       496      
105       225      
732       852      
507       627      
175       295      
557       677      
782       902      
42        162      
232       352      
764       884      
395       515      
713       833      
392       512      
