33
0 38.0789 30.8058 39.3573 36.0555 40.3113 44.2041 43.0116 40.6079 37.2022 36.0555 40.3113 30.8058 33.541 38.0789 35.3412 37.7359 37.2022 20 18.0278 14.1421 15.8114 13.0384 10 19.6469 25.4951 27.4591 12.0416 17.8885 4.24264 21.095 17.1172 19.2354
48.0789 10 20.4403 13 17.0711 15 52 50 50.1123 47.3363 45.3553 45 44.4819 40.4138 40 40.1496 15.831 18.6023 45.3553 49.0512 35.4951 38.2843 60.5964 39.1548 28.868 60 52.9418 46.1248 37.0185 49.8497 58.8365 58.9183 28.9737
40.8058 20.4403 10 20 15.3852 20.198 56.0977 54.1475 53.566 50.3113 48.3275 49.2938 46 43.3766 44.4819 43.7343 17.2801 16.4031 35.0799 46.2491 27 35.0799 52.4853 33.4307 24.3178 57.4236 52.2019 41.9061 27.1172 41.7648 55.2769 54.2041 22.0416
49.3573 13 20 10 15.3852 12 55 53 53.1045 50.3113 48.3275 48 47.3631 43.3766 43 43.1361 13.6056 16.4031 45.0571 51.4005 36.2488 40.4795 61.6236 40.8058 30.6155 62.4309 55.618 48.1838 37.074 50.8534 61.0882 60.9313 30.1246
46.0555 17.0711 15.3852 15.3852 10 15 57.2652 55.2769 55.0444 52 50 50.3113 48.3275 45 45.3553 45.0571 12 12 40 50.3113 32.3607 39.1548 57.8539 38.2843 28.6011 61.4782 55.5412 46.4005 32.3607 47.1214 59.6488 58.9183 27.0294
50.3113 15 20.198 12 15 10 57 55 55.0999 52.2966 50.3113 50 49.2938 45.3553 45 45.1283 13 15.3852 45 53.0116 36.9258 42.0156 62.3927 42.0156 31.9317 64.0833 57.4236 49.6232 37.2947 51.6293 62.6308 62.3259 31.095
54.2041 52 56.0977 55 57.2652 57 10 12 13.6056 17.0711 18.6023 17 23.4536 23 22 22.3693 57.0956 59.2544 68.6003 37.7308 54.6542 39.7321 64.5894 46.7967 45.7771 40.0666 30.3961 42.45 60.774 58.4149 43.541 48.3275 50.2492
53.0116 50 54.1475 53 55.2769 55 12 10 13 15.831 17.0711 15 22.2066 21.1803 20 20.4403 55.0999 57.2652 67.0088 36.9258 53.0116 38.2843 63.6656 45.3553 44 40 30.0998 41.3847 59.0918 57.2017 43.2415 47.855 48.4708
50.6079 50.1123 53.566 53.1045 55.0444 55.0999 13.6056 13 10 13.6056 15.3852 15.831 19.8995 20.198 20.4403 20 55 57.0425 65.2178 34.1661 51.3401 36.2488 61 43.3017 42.6956 37 27.1172 38.8444 57.5079 54.8219 40.2655 44.9285 47.1618
47.2022 47.3363 50.3113 50.3113 52 52.2966 17.0711 15.831 13.6056 10 12 15.3852 16.4031 17 18.6023 17.2801 52.0476 54 61.614 31.1896 47.7359 32.6716 57.8539 39.7321 39.1548 35.1794 25.0333 35.5539 53.909 51.4005 38.0179 42.3883 43.6155
46.0555 45.3553 48.3275 48.3275 50 50.3113 18.6023 17.0711 15.3852 12 10 15 15.3852 15 17.0711 15.3852 50.05 52 60 30.6155 46.0555 31.2132 57.0106 38.2843 37.313 35.4951 25.2971 34.5967 52.19 50.2244 38.0179 42.1403 41.7805
50.3113 45 49.2938 48 50.3113 50 17 15 15.831 15.3852 15 10 20.198 17.0711 15 15.831 50.1123 52.2966 63.1507 35.4951 49.0512 35 61.6236 42.0156 39.6816 40.4138 30.2237 39.1548 55 54.4185 43.0151 47.1214 44.1321
40.8058 44.4819 46 47.3631 48.3275 49.2938 23.4536 22.2066 19.8995 16.4031 15.3852 20.198 10 15.831 20.4403 17.6158 48.6394 50.3113 55.4863 25.2971 41.7648 26.4012 51.6293 33.4307 33.7697 31.1896 21.1803 29.2354 48.0132 45 33.1948 37.0185 38.1603
43.541 40.4138 43.3766 43.3766 45 45.3553 23 21.1803 20.198 17 15 17.0711 15.831 10 15 12 45.0571 47 56.0977 30 42.0156 28.0278 55.2217 35 32.8254 36.9258 27 32.8035 48.0132 47.5899 38.6356 42.0624 37.2947
48.0789 40 44.4819 43 45.3553 45 22 20 20.4403 18.6023 17.0711 15 20.4403 15 10 13 45.1283 47.3363 59.4975 35 45.3553 32.3607 60 39.1548 35.6125 41.6228 31.5407 37.6586 51.1096 52.0476 43.541 47.054 40
45.3412 40.1496 43.7343 43.1361 45.0571 45.1283 22.3693 20.4403 20 17.2801 15.3852 15.831 17.6158 12 13 10 45 47.054 57.4236 32 43.3017 29.7231 57.1275 36.6271 33.8537 38.7924 28.7883 34.7386 49.2046 49.3573 40.5941 44.0588 38.3019
47.7359 15.831 17.2801 13.6056 12 13 57.0956 55.0999 55 52.0476 50.05 50.1123 48.6394 45.0571 45.1283 45 10 12.8284 42 51.3401 34.1661 40.2324 59.6588 39.7321 29.8494 62.4786 56.2385 47.6431 34.3311 48.9102 60.8035 60.2494 28.6011
47.2022 18.6023 16.4031 16.4031 12 15.3852 59.2544 57.2652 57.0425 54 52 52.2966 50.3113 47 47.3363 47.054 12.8284 10 40.0666 52.0595 33.3238 40.8869 58.7647 39.7321 30.2485 63.2353 57.4342 48.0132 32.8035 48.0789 61.3128 60.448 28.3848
30 45.3553 35.0799 45.0571 40 45 68.6003 67.0088 65.2178 61.614 60 63.1507 55.4863 56.0977 59.4975 57.4236 42 40.0666 10 46.4005 24.1421 39.1548 34.6982 32.3607 34.2074 55.2769 55.5412 40.0832 18.9443 27.2627 51.0488 47.054 30.2485
28.0278 49.0512 46.2491 51.4005 50.3113 53.0116 37.7308 36.9258 34.1661 31.1896 30.6155 35.4951 25.2971 30 35 32 51.3401 52.0595 46.4005 10 35 21.1803 36.9258 25 31.9317 21.1803 19.434 16.3246 41.0644 32.2036 20 22.1655 35
24.1421 35.4951 27 36.2488 32.3607 36.9258 54.6542 53.0116 51.3401 47.7359 46.0555 49.0512 41.7648 42.0156 45.3553 43.3017 34.1661 33.3238 24.1421 35 10 25.8114 35.4951 20 20.2956 45.3553 43.3766 29.105 16.3246 24.7648 42.0156 39.5466 17.0711
25.8114 38.2843 35.0799 40.4795 39.1548 42.0156 39.7321 38.2843 36.2488 32.6716 31.2132 35 26.4012 28.0278 32.3607 29.7231 40.2324 40.8869 39.1548 21.1803 25.8114 10 38.2843 17.0711 20.7703 32.3607 28 18.0623 32.1359 29.6977 30.6155 30.8087 24.1421
23.0384 60.5964 52.4853 61.6236 57.8539 62.3927 64.5894 63.6656 61 57.8539 57.0106 61.6236 51.6293 55.2217 60 57.1275 59.6588 58.7647 34.6982 36.9258 35.4951 38.2843 10 33.0217 42.5576 40 45.609 32.4722 37.0185 20.7703 35 29.4165 41.6228
20 39.1548 33.4307 40.8058 38.2843 42.0156 46.7967 45.3553 43.3017 39.7321 38.2843 42.0156 33.4307 35 39.1548 36.6271 39.7321 39.7321 32.3607 25 20 17.0711 33.0217 10 20.2956 35.4951 33.5372 19.2195 26.1245 23.3417 32.4722 30.8087 21.4018
29.6469 28.868 24.3178 30.6155 28.6011 31.9317 45.7771 44 42.6956 39.1548 37.313 39.6816 33.7697 32.8254 35.6125 33.8537 29.8494 30.2485 34.2074 31.9317 20.2956 20.7703 42.5576 20.2956 10 43.1059 38.2843 27.8045 25.5563 32.0907 41.0644 40.4138 14.4721
35.4951 60 57.4236 62.4309 61.4782 64.0833 40.0666 40 37 35.1794 35.4951 40.4138 31.1896 36.9258 41.6228 38.7924 62.4786 63.2353 55.2769 21.1803 45.3553 32.3607 40 35.4951 43.1059 10 20.198 26.2788 51.1096 39.1204 15 20.6301 46.0555
37.4591 52.9418 52.2019 55.618 55.5412 57.4236 30.3961 30.0998 27.1172 25.0333 25.2971 30.2237 21.1803 27 31.5407 28.7883 56.2385 57.4342 55.5412 19.434 43.3766 28 45.609 33.5372 38.2843 20.198 10 25.6525 49.6232 41.6228 23.1529 28.0278 42.0624
22.0416 46.1248 41.9061 48.1838 46.4005 49.6232 42.45 41.3847 38.8444 35.5539 34.5967 39.1548 29.2354 32.8035 37.6586 34.7386 47.6431 48.0132 40.0832 16.3246 29.105 18.0623 32.4722 19.2195 27.8045 26.2788 25.6525 10 35 26.2788 23.4164 22.8062 30.1246
27.8885 37.0185 27.1172 37.074 32.3607 37.2947 60.774 59.0918 57.5079 53.909 52.19 55 48.0132 48.0132 51.1096 49.2046 34.3311 32.8035 18.9443 41.0644 16.3246 32.1359 37.0185 26.1245 25.5563 51.1096 49.6232 35 10 27.0294 47.4833 44.4819 21.4018
14.2426 49.8497 41.7648 50.8534 47.1214 51.6293 58.4149 57.2017 54.8219 51.4005 50.2244 54.4185 45 47.5899 52.0476 49.3573 48.9102 48.0789 27.2627 32.2036 24.7648 29.6977 20.7703 23.3417 32.0907 39.1204 41.6228 26.2788 27.0294 10 34.5153 30.025 30.8806
31.095 58.8365 55.2769 61.0882 59.6488 62.6308 43.541 43.2415 40.2655 38.0179 38.0179 43.0151 33.1948 38.6356 43.541 40.5941 60.8035 61.3128 51.0488 20 42.0156 30.6155 35 32.4722 41.0644 15 23.1529 23.4164 47.4833 34.5153 10 15.6569 43.541
27.1172 58.9183 54.2041 60.9313 58.9183 62.3259 48.3275 47.855 44.9285 42.3883 42.1403 47.1214 37.0185 42.0624 47.054 44.0588 60.2494 60.448 47.054 22.1655 39.5466 30.8087 29.4165 30.8087 40.4138 20.6301 28.0278 22.8062 44.4819 30.025 15.6569 10 42.2025
29.2354 28.9737 22.0416 30.1246 27.0294 31.095 50.2492 48.4708 47.1618 43.6155 41.7805 44.1321 38.1603 37.2947 40 38.3019 28.6011 28.3848 30.2485 35 17.0711 24.1421 41.6228 21.4018 14.4721 46.0555 42.0624 30.1246 21.4018 30.8806 43.541 42.2025 10
0         960      
591       874      
73        350      
473       588      
418       913      
40        390      
396       905      
43        712      
530       703      
131       544      
36        800      
233       544      
207       664      
33        624      
549       718      
62        491      
37        677      
435       662      
284       585      
568       753      
421       896      
230       405      
423       828      
441       902      
211       930      
201       400      
27        382      
369       460      
100       539      
324       513      
298       928      
385       518      
262       930      
