35
0 38.0789 30.8058 39.3573 40.3113 33.3017 35.3553 39.0512 32.3883 35.3553 35.0571 45.2769 58.5235 51.0784 47.4342 37.2022 38.3275 45.0444 35.3412 25 18.0278 47.1699 20.6155 11.1803 39.2938 49.98 32.5576 38.4708 14.7648 19.2354 17.8885 52.4786 15.5242 14.1421 19.2354
48.0789 10 20.4403 13 15 22.2066 24.1421 21.1803 53.4626 54.7214 81.1969 90.6226 99.0225 92.8794 88.1025 18.6023 56.1411 91.7863 78.6222 65 49.0512 85.6637 68.5235 56.0977 43.9706 92.0244 43.6155 35.4951 52.0476 65.3173 37.0185 100.355 53.1393 43.0151 28.9737
40.8058 20.4403 10 20 20.198 14 17 18.6023 43.1059 44.4819 72.0967 81.1969 95.7555 89.0569 84.6257 16.4031 46.0555 82.8011 74.0312 55.0999 46.2491 75.3758 60.5371 47.3363 35 82.0069 33.6008 27.4642 42.3883 56.4866 27.1172 93.2166 49.1152 33.3452 22.0416
49.3573 13 20 10 12 20.7703 22.2066 18.6023 52.3792 53.4626 81.8053 91.0494 101.4 95.1469 90.4301 16.4031 54.7214 92.4621 80.7107 65.0818 51.4005 85.326 69.6154 56.8402 42.0156 92.0061 42.2025 33.3452 52.2966 66.0446 37.074 101.788 55.2769 43.2415 30.1246
50.3113 15 20.198 12 10 20.198 21.1803 17.0711 51.7612 52.72 82.2772 91.3941 103.005 96.6833 92.0061 15.3852 53.8634 92.9699 82.1388 65.2268 53.0116 85.1665 70.4152 57.4342 40.8058 92.0549 41.3847 32.0227 52.5793 66.6127 37.2947 102.785 56.7547 43.541 31.095
43.3017 22.2066 14 20.7703 20.198 10 13 15.831 41.6228 42.6956 73.2456 82.0347 99.1852 92.3772 88.032 15 44 84 77.2012 55.5412 49.9249 75.0692 62.4786 48.9102 31.9317 82.1734 31.4709 23.8924 43.2415 57.927 28.0278 95.4459 52.5441 34.3516 25.2643
45.3553 24.1421 17 22.2066 21.1803 13 10 15 40.8058 41.6228 74.2573 82.8011 101.788 94.9058 90.6226 15.831 42.6956 85.0267 79.6348 56.0977 52.72 75 64.0833 50.3113 29.8494 82.4431 30.2485 21.4018 44.176 59.1935 29.2354 97.2009 55.1774 35.4951 27.8885
49.0512 21.1803 18.6023 18.6023 17.0711 15.831 15 10 45.6931 46.4005 78.9493 87.6209 104.34 97.6584 93.2166 13 47.3363 89.712 82.6223 60.9902 54.7214 80 68.3095 54.7214 33.8537 87.4145 35 25 48.8973 63.7122 33.7697 101.263 57.7074 40.0832 30.6155
42.3883 53.4626 43.1059 52.3792 51.7612 41.6228 40.8058 45.6931 10 13 52.4264 58.2597 98.2836 90.4114 87.6466 46.4005 16 62.4976 74.7765 32.6716 59.3356 45.6931 49.9249 37.4591 26.1555 54.5982 21 33.0868 29.105 42.2025 30.6155 81.2811 57.8539 29.3132 41.8277
45.3553 54.7214 44.4819 53.4626 52.72 42.6956 41.6228 46.4005 13 10 54.5982 60 101.241 93.3607 90.6226 47.3363 13 64.4885 77.7422 35 62.2015 46.4005 52.72 40.4138 25.2971 55.6946 21.4018 33.0217 32.0907 44.9285 33.0217 83.7835 60.8035 32.1359 44.0588
45.0571 81.1969 72.0967 81.8053 82.2772 73.2456 74.2573 78.9493 52.4264 54.5982 10 20.4403 68.9406 61.2445 61.0784 78.0074 56.8615 20.7703 49.4462 29.8494 58.1041 33.5372 26.5529 35.1794 67.6281 29.2094 60.8035 71.9112 40.0832 26.0312 55.2217 40.6757 52.5441 48.8973 62.469
55.2769 90.6226 81.1969 91.0494 91.3941 82.0347 82.8011 87.6209 58.2597 60 20.4403 10 75 67.6975 68.3095 86.9025 61.8556 17 57.634 36.9258 68.5235 30.6155 36.9258 45 74.1405 22.1655 67.7062 79.3542 48.833 36.0768 64.1295 42 62.9245 57.8539 72.1289
68.5235 99.0225 95.7555 101.4 103.005 99.1852 101.788 104.34 98.2836 101.241 68.9406 75 10 18 21.1803 101.81 104.202 68.6003 33.5372 80 60 92.4621 60 70.8276 107.719 86.896 100.802 106.773 79.2315 68.0086 86.3217 47.5366 56.6476 82.4224 83.9256
61.0784 92.8794 89.0569 95.1469 96.6833 92.3772 94.9058 97.6584 90.4114 93.3607 61.2445 67.6975 18 10 15.3852 95.2115 96.3134 61.4782 25.8114 72 53.8634 84.7262 52 62.9528 100.139 79.4622 93.1685 99.4707 71.3922 60.01 78.942 42.0156 50 74.846 77.1193
57.4342 88.1025 84.6257 90.4301 92.0061 88.032 90.6226 93.2166 87.6466 90.6226 61.0784 68.3095 21.1803 15.3852 10 90.7094 93.6002 62.4309 23 70.208 49.0512 84.3303 50.3113 60.2494 96.6833 79.7711 89.8123 95.6154 68.5491 58.1664 75.192 44.9857 45.5106 71.4003 72.7694
47.2022 18.6023 16.4031 16.4031 15.3852 15 15.831 13 46.4005 47.3363 78.0074 86.9025 101.81 95.2115 90.7094 10 48.4838 88.7464 80.2922 60.4876 52.0595 80.0643 66.8243 53.4626 35.6125 87.1622 36 26.9706 48.0789 62.5547 32.8035 99.5879 55.2217 39.1204 28.3848
48.3275 56.1411 46.0555 54.7214 53.8634 44 42.6956 47.3363 16 13 56.8615 61.8556 104.202 96.3134 93.6002 48.4838 10 66.5685 80.7107 37.4591 65.0818 47.3363 55.5412 43.3766 25 56.9574 22.53 33.3452 35.0799 47.6962 35.5539 86.3217 63.7587 35 46.4005
55.0444 91.7863 82.8011 92.4621 92.9699 84 85.0267 89.712 62.4976 64.4885 20.7703 17 68.6003 61.4782 62.4309 88.7464 66.5685 10 52.4264 40.2324 66.5155 37.4591 35.1794 45.6931 78.0074 29.105 71.2944 82.5603 50.8534 36.4764 65.9732 35 60.6952 59.6488 72.9682
45.3412 78.6222 74.0312 80.7107 82.1388 77.2012 79.6348 82.6223 74.7765 77.7422 49.4462 57.634 33.5372 25.8114 23 80.2922 80.7107 52.4264 10 57.2652 40.2324 72.2415 37.4591 47.3363 84.3303 68.5235 77.3573 83.7902 55.7056 45.2278 63.2259 40.4138 35.4951 59.0408 62.0096
35 65 55.0999 65.0818 65.2268 55.5412 56.0977 60.9902 32.6716 35 29.8494 36.9258 80 72 70.208 60.4876 37.4591 40.2324 57.2652 10 52.4264 32.3607 30 24.1421 47.8021 37.074 41.0644 52.4853 23.1529 22.0416 38.0179 58.8774 48.4187 32.0227 47.4833
28.0278 49.0512 46.2491 51.4005 53.0116 49.9249 52.72 54.7214 59.3356 62.2015 58.1041 68.5235 60 53.8634 49.0512 52.0595 65.0818 66.5155 40.2324 52.4264 10 74.0312 41.6228 38.2843 63 75.3682 57.1699 59.6488 42.7567 44.1321 41.0644 66.2939 16 40.0832 35
57.1699 85.6637 75.3758 85.326 85.1665 75.0692 75 80 45.6931 46.4005 33.5372 30.6155 92.4621 84.7262 84.3303 80.0643 47.3363 37.4591 72.2415 32.3607 74.0312 10 46.0555 46.0555 61.6624 20.6301 56.5296 68.6941 45.1141 40.4138 58.8365 62.2398 69.4643 53.4166 69.203
30.6155 68.5235 60.5371 69.6154 70.4152 62.4786 64.0833 68.3095 49.9249 52.72 26.5529 36.9258 60 52 50.3113 66.8243 55.5412 35.1794 37.4591 30 41.6228 46.0555 10 24.1421 62.4309 44.8281 55.2217 64.4518 32.2036 18.0623 45 43.3017 36 39.0689 49.5601
21.1803 56.0977 47.3363 56.8402 57.4342 48.9102 50.3113 54.7214 37.4591 40.4138 35.1794 45 70.8276 62.9528 60.2494 53.4626 43.3766 45.6931 47.3363 24.1421 38.2843 46.0555 24.1421 10 48.5876 48.8973 41.3847 50.3113 18.544 19.2195 31.095 57.4236 34.4131 25 37.2947
49.2938 43.9706 35 42.0156 40.8058 31.9317 29.8494 33.8537 26.1555 25.2971 67.6281 74.1405 107.719 100.139 96.6833 35.6125 25 78.0074 84.3303 47.8021 63 61.6624 62.4309 48.5876 10 70.7454 17.2111 18.9443 40.2324 55.4533 32.0907 95.1469 63.3385 35.2982 39.8329
59.98 92.0244 82.0069 92.0061 92.0549 82.1734 82.4431 87.4145 54.5982 55.6946 29.2094 22.1655 86.896 79.4622 79.7711 87.1622 56.9574 29.105 68.5235 37.074 75.3682 20.6301 44.8281 48.8973 70.7454 10 65.0818 77.1863 50.1995 41.305 65.0091 54.0454 70.208 59.0918 74.4981
42.5576 43.6155 33.6008 42.2025 41.3847 31.4709 30.2485 35 21 21.4018 60.8035 67.7062 100.802 93.1685 89.8123 36 22.53 71.2944 77.3573 41.0644 57.1699 56.5296 55.2217 41.3847 17.2111 65.0818 10 22.1655 33.0217 48.2884 26.1245 87.9872 57.0425 28.4391 35.4951
48.4708 35.4951 27.4642 33.3452 32.0227 23.8924 21.4018 25 33.0868 33.0217 71.9112 79.3542 106.773 99.4707 95.6154 26.9706 33.3452 82.5603 83.7902 52.4853 59.6488 68.6941 64.4518 50.3113 18.9443 77.1863 22.1655 10 42.6497 58.2701 30.5913 97.6926 60.9608 35.6125 35.02
24.7648 52.0476 42.3883 52.2966 52.5793 43.2415 44.176 48.8973 29.105 32.0907 40.0832 48.833 79.2315 71.3922 68.5491 48.0789 35.0799 50.8534 55.7056 23.1529 42.7567 45.1141 32.2036 18.544 40.2324 50.1995 33.0217 42.6497 10 25.6205 25.2971 65.1725 40.0832 19.0554 34.3311
29.2354 65.3173 56.4866 66.0446 66.6127 57.927 59.1935 63.7122 42.2025 44.9285 26.0312 36.0768 68.0086 60.01 58.1664 62.5547 47.6962 36.4764 45.2278 22.0416 44.1321 40.4138 18.0623 19.2195 55.4533 41.305 48.2884 58.2701 25.6205 10 39.9666 49.6989 39.2062 33.7065 46.4966
27.8885 37.0185 27.1172 37.074 37.2947 28.0278 29.2354 33.7697 30.6155 33.0217 55.2217 64.1295 86.3217 78.942 75.192 32.8035 35.5539 65.9732 63.2259 38.0179 41.0644 58.8365 45 31.095 32.0907 65.0091 26.1245 30.5913 25.2971 39.9666 10 78.2495 41.257 16.3246 21.4018
62.4786 100.355 93.2166 101.788 102.785 95.4459 97.2009 101.263 81.2811 83.7835 40.6757 42 47.5366 42.0156 44.9857 99.5879 86.3217 35 40.4138 58.8774 66.2939 62.2398 43.3017 57.4236 95.1469 54.0454 87.9872 97.6926 65.1725 49.6989 78.2495 10 60.448 72.3699 81.6938
25.5242 53.1393 49.1152 55.2769 56.7547 52.5441 55.1774 57.7074 57.8539 60.8035 52.5441 62.9245 56.6476 50 45.5106 55.2217 63.7587 60.6952 35.4951 48.4187 16 69.4643 36 34.4131 63.3385 70.208 57.0425 60.9608 40.0832 39.2062 41.257 60.448 10 39.0689 37.2947
24.1421 43.0151 33.3452 43.2415 43.541 34.3516 35.4951 40.0832 29.3132 32.1359 48.8973 57.8539 82.4224 74.846 71.4003 39.1204 35 59.6488 59.0408 32.0227 40.0832 53.4166 39.0689 25 35.2982 59.0918 28.4391 35.6125 19.0554 33.7065 16.3246 72.3699 39.0689 10 25.8114
29.2354 28.9737 22.0416 30.1246 31.095 25.2643 27.8885 30.6155 41.8277 44.0588 62.469 72.1289 83.9256 77.1193 72.7694 28.3848 46.4005 72.9682 62.0096 47.4833 35 69.203 49.5601 37.2947 39.8329 74.4981 35.4951 35.02 34.3311 46.4966 21.4018 81.6938 37.2947 25.8114 10
0         960      
431       911      
30        510      
291       771      
40        520      
393       502      
120       600      
397       457      
43        523      
35        366      
609       872      
821       881      
349       829      
562       799      
307       787      
432       665      
38        322      
424       904      
327       807      
25        505      
554       767      
842       902      
191       310      
11        140      
240       451      
794       854      
366       483      
382       442      
14        494      
19        499      
262       377      
611       897      
382       862      
14        494      
870       930      
