24
0 58.5235 57.0088 55.7136 52.2015 52 50.2892 51.0784 51.4782 47.4342 35.3412 33.541 29.1548 39.0512 25.2982 25.4951 27.4591 42.9418 27.0185 35.4683 52.4786 21.095 17.1172 20.6155
68.5235 10 15 13 17.0711 17 18.6023 18 21.1803 21.1803 33.5372 51.2311 40.4138 41.6228 43.2415 49.0512 57.4236 49.3573 48.0132 42.7567 47.5366 50.4969 52.0476 49.6232
67.0088 15 10 15.831 15 18.6023 17 19.434 24.1421 20 33 52.72 40 43.541 41.7805 46.0555 53.8634 51.8808 48.4708 44.176 51.0366 48.0132 50.1622 49.0512
65.7136 13 15.831 10 15.3852 14 16.4031 15 18.6023 18.6023 30.6155 48.3275 37.4591 38.7924 40.4631 46.7967 55.4533 46.7151 45.0143 39.8329 45.3553 48.0132 49.3573 46.6742
62.2015 17.0711 15 15.3852 10 15.3852 12 15.831 21.1803 15 28 48.0789 35 39.1548 36.9258 42.0156 50.3609 47.8021 43.541 39.5466 47.8021 43.6155 45.4683 44.0588
62 17 18.6023 14 15.3852 10 15 11 15.831 15.831 26.7631 44.4819 33.5372 35.0799 36.8328 43.9706 53.0116 43.2866 41.0161 35.9615 42.6497 44.8281 45.8469 42.7567
60.2892 18.6023 17 16.4031 12 15 10 15.099 20.4403 13 26 46.2491 33 37.4591 35 40.4795 49.0512 46.2353 41.5753 37.7308 46.6197 41.9061 43.6155 42.0624
61.0784 18 19.434 15 15.831 11 15.099 10 15.3852 15.3852 25.8114 43.5261 32.561 34.1661 35.9422 43.3017 52.4382 42.45 40.0167 35 42.0156 44.0588 44.9857 41.7805
61.4782 21.1803 24.1421 18.6023 21.1803 15.831 20.4403 15.3852 10 20 26.4012 40.4138 32.3607 30.6155 37.0185 46.0555 55.6508 38.178 38.2843 32.0907 36.9072 46.1248 46.2353 41.3847
57.4342 21.1803 20 18.6023 15 15.831 13 15.3852 20 10 23 43.541 30 35 32.1359 38.2843 47.2022 43.9706 38.6356 35.0599 44.9857 39.4109 40.8707 39.0689
45.3412 33.5372 33 30.6155 28 26.7631 26 25.8114 26.4012 23 10 32.6716 17 26.5529 20.6301 31.1896 41.3209 35.9422 26.1555 25 40.4138 30.2485 29.8494 26.1245
43.541 51.2311 52.72 48.3275 48.0789 44.4819 46.2491 43.5261 40.4138 43.541 32.6716 10 28.0278 20 33.7697 46.4005 55.7056 19.434 19.2195 18.544 29.2094 42.5576 38.0713 27.0294
39.1548 40.4138 40 37.4591 35 33.5372 33 32.561 32.3607 30 17 28.0278 10 25 17.0711 30 40.0666 33.5372 20 22.1655 40.0666 27.4642 25.2643 19.2195
49.0512 41.6228 43.541 38.7924 39.1548 35.0799 37.4591 34.1661 30.6155 35 26.5529 20 25 10 32.0227 45 55.0444 19.434 22.0416 13.6056 25.1327 42.249 39.1204 29.2354
35.2982 43.2415 41.7805 40.4631 36.9258 36.8328 35 35.9422 37.0185 32.1359 20.6301 33.7697 17.0711 32.0227 10 23.0384 33.0217 40.2655 24.7648 29.0263 47.1214 20.4403 19.2195 19.434
35.4951 49.0512 46.0555 46.7967 42.0156 43.9706 40.4795 43.3017 46.0555 38.2843 31.1896 46.4005 30 45 23.0384 10 20.198 53.2897 37.2029 42.0624 60.04 15 20.6301 30.1246
37.4591 57.4236 53.8634 55.4533 50.3609 53.0116 49.0512 52.4382 55.6508 47.2022 41.3209 55.7056 40.0666 55.0444 33.0217 20.198 10 63.0848 46.4966 52 70.1332 23.1529 28.0278 38.8617
52.9418 49.3573 51.8808 46.7151 47.8021 43.2866 46.2353 42.45 38.178 43.9706 35.9422 19.434 33.5372 19.434 40.2655 53.2897 63.0848 10 27.2627 21.4018 19.8995 50.0125 46.1248 35.318
37.0185 48.0132 48.4708 45.0143 43.541 41.0161 41.5753 40.0167 38.2843 38.6356 26.1555 19.2195 20 22.0416 24.7648 37.2029 46.4966 27.2627 10 18.4853 36 33.3452 29 18.0623
45.4683 42.7567 44.176 39.8329 39.5466 35.9615 37.7308 35 32.0907 35.0599 25 18.544 22.1655 13.6056 29.0263 42.0624 52 21.4018 18.4853 10 28.4391 39.0689 35.7099 25.6525
62.4786 47.5366 51.0366 45.3553 47.8021 42.6497 46.6197 42.0156 36.9072 44.9857 40.4138 29.2094 40.0666 25.1327 47.1214 60.04 70.1332 19.8995 36 28.4391 10 57.3814 54.1475 43.8378
31.095 50.4969 48.0132 48.0132 43.6155 44.8281 41.9061 44.0588 46.1248 39.4109 30.2485 42.5576 27.4642 42.249 20.4403 15 23.1529 50.0125 33.3452 39.0689 57.3814 10 15.6569 25.8114
27.1172 52.0476 50.1622 49.3573 45.4683 45.8469 43.6155 44.9857 46.2353 40.8707 29.8494 38.0713 25.2643 39.1204 19.2195 20.6301 28.0278 46.1248 29 35.7099 54.1475 15.6569 10 21.0454
30.6155 49.6232 49.0512 46.6742 44.0588 42.7567 42.0624 41.7805 41.3847 39.0689 26.1245 27.0294 19.2195 29.2354 19.434 30.1246 38.8617 35.318 18.0623 25.6525 43.8378 25.8114 21.0454 10
0         960      
0         891      
0         892      
0         894      
0         897      
0         898      
0         899      
0         898      
0         898      
0         902      
0         914      
0         916      
167       287      
0         910      
268       388      
0         924      
0         922      
268       388      
395       515      
0         914      
0         897      
0         928      
0         932      
0         929      
