19
0 33.3017 39.0512 35.0571 37.2022 40.3113 30.8058 35.3412 26.9258 20.6155 11.1803 9.21954 32.2025 19.2354 17.8885 4.24264 12.0416 14.7648 14.1421
43.3017 10 15.831 73.2456 54.2832 53.1741 50 47.6563 61.4198 62.4786 48.9102 36.4197 61.0882 57.927 28.0278 43.8378 55.2769 57.4236 34.3516
49.0512 15.831 10 78.9493 57 55.2769 53.2897 50.05 67.0088 68.3095 54.7214 42.249 66.3205 63.7122 33.7697 49.6611 60.9902 63.0377 40.0832
45.0571 73.2456 78.9493 10 79.2892 83.3757 73.2456 79.1231 22.8062 26.5529 35.1794 47.6563 29.2354 26.0312 55.2217 42.0156 39.1548 41.7648 48.8973
47.2022 54.2832 57 79.2892 10 15.3852 16.4031 17.2801 73.6318 62.811 58.2597 51.7732 79.4046 65.0091 53.909 51.4005 50.1622 48.0789 55.607
50.3113 53.1741 55.2769 83.3757 15.3852 10 20.198 15.831 77.082 67.0088 61.4782 53.9318 82.4017 68.6941 55 54.4185 54.3847 52.5793 57.3814
40.8058 50 53.2897 73.2456 16.4031 20.198 10 17.6158 67.3062 56.8402 51.8808 45.4683 73.0079 58.7545 48.0132 45 44.2053 42.3883 49.4081
45.3412 47.6563 50.05 79.1231 17.2801 15.831 17.6158 10 72.2415 62.9528 56.5188 48.4187 77.2309 64.0833 49.2046 49.3573 50.4475 49.0512 51.7253
36.9258 61.4198 67.0088 22.8062 73.6318 77.082 67.3062 72.2415 10 25.8114 25.8114 37.0185 19.0554 19.2195 43.541 33.0868 35.4951 39.2062 37.2947
30.6155 62.4786 68.3095 26.5529 62.811 67.0088 56.8402 62.9528 25.8114 10 24.1421 36.0768 34.7386 18.0623 45 28.7883 22.6491 25.2643 39.0689
21.1803 48.9102 54.7214 35.1794 58.2597 61.4782 51.8808 56.5188 25.8114 24.1421 10 22.6491 31.2603 19.2195 31.095 17.2801 24.1421 28.2483 25
19.2195 36.4197 42.249 47.6563 51.7732 53.9318 45.4683 48.4187 37.0185 36.0768 22.6491 10 39.7321 31.8403 19.2195 17.8102 30.5913 33.7697 15
42.2025 61.0882 66.3205 29.2354 79.4046 82.4017 73.0079 77.2309 19.0554 34.7386 31.2603 39.7321 10 27.4642 44.1321 38.0179 43.2866 47.2156 38.4429
29.2354 57.927 63.7122 26.0312 65.0091 68.6941 58.7545 64.0833 19.2195 18.0623 19.2195 31.8403 27.4642 10 39.9666 26 26.2788 30 33.7065
27.8885 28.0278 33.7697 55.2217 53.909 55 48.0132 49.2046 43.541 45 31.095 19.2195 44.1321 39.9666 10 27.0294 39.6816 42.6497 16.3246
14.2426 43.8378 49.6611 42.0156 51.4005 54.4185 45 49.3573 33.0868 28.7883 17.2801 17.8102 38.0179 26 27.0294 10 23 26.4924 22.083
22.0416 55.2769 60.9902 39.1548 50.1622 54.3847 44.2053 50.4475 35.4951 22.6491 24.1421 30.5913 43.2866 26.2788 39.6816 23 10 14.1231 35.0799
24.7648 57.4236 63.0377 41.7648 48.0789 52.5793 42.3883 49.0512 39.2062 25.2643 28.2483 33.7697 47.2156 30 42.6497 26.4924 14.1231 10 38.4605
24.1421 34.3516 40.0832 48.8973 55.607 57.3814 49.4081 51.7253 37.2947 39.0689 25 15 38.4429 33.7065 16.3246 22.083 35.0799 38.4605 10
0         960      
388       508      
367       487      
0         914      
278       398      
329       449      
376       496      
217       337      
0         923      
191       311      
11        131      
157       277      
0         917      
0         930      
260       380      
0         945      
0         937      
14        134      
0         935      
