37
0 33.541 31.6228 32.3883 38.0789 35.3553 40.3113 45.2769 58.5235 57.0088 55.7136 52.2015 52 50.2892 51.0784 51.4782 47.4342 38.3275 35.3412 33.541 20 47.1699 42.4264 29.1548 25.2982 36.0555 57.0088 49.98 32.5576 38.4708 7.61577 35.4683 21.095 17.1172 20.6155 15.5242 48.1664
43.541 10 15 20.198 15 21.1803 24.1421 49.0512 95.1469 95 92.1523 90 88.1601 88 87.1622 85.6637 85 22.8062 72 57.4342 28.0278 35.4951 25 65 64.4518 28.0278 40.4138 44.5398 31.095 43.2415 48.8973 64.3415 63.7587 58.7647 56.0435 58.8467 28.0278
41.6228 15 10 15.3852 17.0711 17.0711 21.1803 53.0116 95.5862 95.1469 92.6075 90.1561 88.6384 88.1601 87.6466 86.4853 85.1665 19.434 72.2013 59.2443 24.1421 40.4138 30 65.2268 64.037 32.3607 45.3553 49.2173 26.1245 38.2843 47.6563 65.6597 62.3927 57.676 56.0977 57.1275 32.8035
42.3883 20.198 15.3852 10 20.4403 13 18 58.2597 98.2836 97.5728 95.3288 92.6075 91.3941 90.6226 90.4114 89.555 87.6466 16 74.7765 63.2353 23 45.6931 35.0799 67.8705 66.0803 37.7308 50.1123 54.5982 21 33.0868 49.0512 69.2368 63.4603 59.0918 58.6621 57.8539 37.2947
48.0789 15 17.0711 20.4403 10 20 21.1803 52.4264 100.139 100 97.1436 95 93.1505 93 92.1523 90.6226 90 20.4403 77 62.2015 31.2132 36.9258 25.8114 70 69.4138 31.2132 40 46.7151 31.2132 43.0151 53.6807 69.2284 68.5235 63.6004 61.0392 63.4883 27.0294
45.3553 21.1803 17.0711 13 20 10 15 60 101.241 100.554 98.2836 95.5862 94.3445 93.6002 93.3607 92.4621 90.6226 13 77.7422 65.9017 25.8114 46.4005 35.4951 70.8276 69.0762 39.1548 50 55.6946 21.4018 33.0217 52.0476 72.0322 66.4358 62.0865 61.6236 60.8035 37.0185
50.3113 24.1421 21.1803 18 21.1803 15 10 63.1507 106.177 105.525 103.215 100.554 99.2693 98.5664 98.2836 97.3212 95.5862 12 82.6911 70.4152 30.6155 48.0789 36.9258 75.7647 74.0703 42.0156 50.3113 57.8853 23.6015 33.7697 57.0425 76.7308 71.4003 67.0789 66.5685 65.7315 37.2947
55.2769 49.0512 53.0116 58.2597 52.4264 60 63.1507 10 75 77.082 72.2415 72.6498 68.6003 70.9016 67.6975 63.8516 68.3095 61.8556 57.634 35 57.4342 30.6155 39.1548 52.4264 57.0106 31.2132 40 22.1655 67.7062 79.3542 53.6807 43.2866 63.7122 58.3011 48.2753 62.9245 43.6155
68.5235 95.1469 95.5862 98.2836 100.139 101.241 106.177 75 10 15 13 17.0711 17 18.6023 18 21.1803 21.1803 104.202 33.5372 51.2311 87.6209 92.4621 95.5862 40.4138 43.2415 85.6637 103.408 86.896 100.802 106.773 60.9215 42.7567 50.4969 52.0476 49.6232 56.6476 101.788
67.0088 95 95.1469 97.5728 100 100.554 105.525 77.082 15 10 15.831 15 18.6023 17 19.434 24.1421 20 103.536 33 52.72 86.4853 93.8153 96.3134 40 41.7805 86.4853 104.868 88.7909 99.4986 104.921 59.4773 44.176 48.0132 50.1622 49.0512 54.2832 102.574
65.7136 92.1523 92.6075 95.3288 97.1436 98.2836 103.215 72.2415 13 15.831 10 15.3852 14 16.4031 15 18.6023 18.6023 101.241 30.6155 48.3275 84.7262 89.555 92.6075 37.4591 40.4631 82.6911 100.521 84.0945 97.9318 104.021 58.1041 39.8329 48.0132 49.3573 46.6742 54.1022 98.8144
62.2015 90 90.1561 92.6075 95 95.5862 100.554 72.6498 17.0711 15 15.3852 10 15.3852 12 15.831 21.1803 15 98.5664 28 48.0789 81.5891 89.0569 91.3941 35 36.9258 81.5891 100.139 84.2496 94.6463 100.25 54.643 39.5466 43.6155 45.4683 44.0588 49.8246 97.6641
62 88.1601 88.6384 91.3941 93.1505 94.3445 99.2693 68.6003 17 18.6023 14 15.3852 10 15 11 15.831 15.831 97.2983 26.7631 44.4819 80.8802 85.6902 88.6384 33.5372 36.8328 78.7314 96.6833 80.3847 94.119 100.377 54.3847 35.9615 44.8281 45.8469 42.7567 50.8044 94.8528
60.2892 88 88.1601 90.6226 93 93.6002 98.5664 70.9016 18.6023 17 16.4031 12 15 10 15.099 20.4403 13 96.5794 26 46.2491 79.6348 87.1622 89.4292 33 35 79.6348 98.2553 82.45 92.7103 98.3912 52.72 37.7308 41.9061 43.6155 42.0624 48.0789 95.703
61.0784 87.1622 87.6466 90.4114 92.1523 93.3607 98.2836 67.6975 18 19.434 15 15.831 11 15.099 10 15.3852 15.3852 96.3134 25.8114 43.5261 79.9214 84.7262 87.6466 32.561 35.9422 77.7422 95.7263 79.4622 93.1685 99.4707 53.4626 35 44.0588 44.9857 41.7805 50 93.863
61.4782 85.6637 86.4853 89.555 90.6226 92.4621 97.3212 63.8516 21.1803 24.1421 18.6023 21.1803 15.831 20.4403 15.3852 10 20 95.3756 26.4012 40.4138 79.6419 81.5891 85.1665 32.3607 37.0185 75.192 92.4621 75.7875 93.006 99.9444 53.909 32.0907 46.1248 46.2353 41.3847 51.7253 91.3019
57.4342 85 85.1665 87.6466 90 90.6226 95.5862 68.3095 21.1803 20 18.6023 15 15.831 13 15.3852 20 10 93.6002 23 43.541 76.7083 84.3303 86.4853 30 32.1359 76.7083 95.44 79.7711 89.8123 95.6154 49.8497 35.0599 39.4109 40.8707 39.0689 45.5106 92.7647
48.3275 22.8062 19.434 16 20.4403 13 12 61.8556 104.202 103.536 101.241 98.5664 97.2983 96.5794 96.3134 95.3756 93.6002 10 80.7107 68.6003 28.6815 47.3363 36.2488 73.7887 72.0725 40.8058 50.1123 56.9574 22.53 33.3452 55.0444 74.846 69.4138 65.0818 64.5894 63.7587 37.074
45.3412 72 72.2013 74.7765 77 77.7422 82.6911 57.634 33.5372 33 30.6155 28 26.7631 26 25.8114 26.4012 23 80.7107 10 32.6716 64.1202 72.2415 73.7887 17 20.6301 64.1202 83.4098 68.5235 77.3573 83.7902 37.7308 25 30.2485 29.8494 26.1245 35.4951 80.0928
43.541 57.4342 59.2443 63.2353 62.2015 65.9017 70.4152 35 51.2311 52.72 48.3275 48.0789 44.4819 46.2491 43.5261 40.4138 43.541 68.6003 32.6716 10 56.0977 51.2311 55 28.0278 33.7697 45 62.2015 46.2353 69.203 78.593 38.1603 18.544 42.5576 38.0713 27.0294 44 61.0392
30 28.0278 24.1421 23 31.2132 25.8114 30.6155 57.4342 87.6209 86.4853 84.7262 81.5891 80.8802 79.6348 79.9214 79.6419 76.7083 28.6815 64.1202 56.0977 10 50.3113 41.6228 57.4342 54.7214 40 57.4342 57.0956 23.4164 32.8035 37.1662 60.774 51.0488 47.054 48.2753 45.2278 45.7771
57.1699 35.4951 40.4138 45.6931 36.9258 46.4005 48.0789 30.6155 92.4621 93.8153 89.555 89.0569 85.6902 87.1622 84.7262 81.5891 84.3303 47.3363 72.2415 51.2311 50.3113 10 21.1803 65.9017 68.5235 21.1803 21.1803 20.6301 56.5296 68.6941 58.9183 59.7293 72.2896 66.6392 59.0918 69.4643 23.6015
52.4264 25 30 35.0799 25.8114 35.4951 36.9258 39.1548 95.5862 96.3134 92.6075 91.3941 88.6384 89.4292 87.6466 85.1665 86.4853 36.2488 73.7887 55 41.6228 21.1803 10 67.0088 68.3095 20 25.8114 31.4009 46.0555 58.1664 55.8039 63.0848 70.208 64.7083 59.0408 66.4004 16.3246
39.1548 65 65.2268 67.8705 70 70.8276 75.7647 52.4264 40.4138 40 37.4591 35 33.5372 33 32.561 32.3607 30 73.7887 17 28.0278 57.4342 65.9017 67.0088 10 17.0711 57.4342 77.082 62.8015 70.7454 77.6018 31.6333 22.1655 27.4642 25.2643 19.2195 31.4709 73.3246
35.2982 64.4518 64.037 66.0803 69.4138 69.0762 74.0703 57.0106 43.2415 41.7805 40.4631 36.9258 36.8328 35 35.9422 37.0185 32.1359 72.0725 20.6301 33.7697 54.7214 68.5235 68.3095 17.0711 10 59.1935 79.6419 66.5862 67.7235 73.561 27.72 29.0263 20.4403 19.2195 19.434 25 74.622
46.0555 28.0278 32.3607 37.7308 31.2132 39.1548 42.0156 31.2132 85.6637 86.4853 82.6911 81.5891 78.7314 79.6348 77.7422 75.192 76.7083 40.8058 64.1202 45 40 21.1803 20 57.4342 59.1935 10 31.2132 27.2627 47.9473 60 48.1838 53.1045 62.0096 56.4004 49.8121 58.7955 26.1245
67.0088 40.4138 45.3553 50.1123 40 50 50.3113 40 103.408 104.868 100.521 100.139 96.6833 98.2553 95.7263 92.4621 95.44 50.1123 83.4098 62.2015 57.4342 21.1803 25.8114 77.082 79.6419 31.2132 10 28.1108 61.0882 73.0079 69.397 70.7289 83.1095 77.4759 70.208 80.0071 23.0384
59.98 44.5398 49.2173 54.5982 46.7151 55.6946 57.8853 22.1655 86.896 88.7909 84.0945 84.2496 80.3847 82.45 79.4622 75.7875 79.7711 56.9574 68.5235 46.2353 57.0956 20.6301 31.4009 62.8015 66.5862 27.2627 28.1108 10 65.0818 77.1863 60.1199 54.7214 72.0081 66.4004 57.3814 70.208 34.2074
42.5576 31.095 26.1245 21 31.2132 21.4018 23.6015 67.7062 100.802 99.4986 97.9318 94.6463 94.119 92.7103 93.1685 93.006 89.8123 22.53 77.3573 69.203 23.4164 56.5296 46.0555 70.7454 67.7235 47.9473 61.0882 65.0818 10 22.1655 50.025 74.1405 63.1507 59.6488 61.6236 57.0425 48.2099
48.4708 43.2415 38.2843 33.0868 43.0151 33.0217 33.7697 79.3542 106.773 104.921 104.021 100.25 100.377 98.3912 99.4707 99.9444 95.6154 33.3452 83.7902 78.593 32.8035 68.6941 58.1664 77.6018 73.561 60 73.0079 77.1863 22.1655 10 56.0652 82.6223 67.28 64.7814 68.8303 60.9608 60.04
17.6158 48.8973 47.6563 49.0512 53.6807 52.0476 57.0425 53.6807 60.9215 59.4773 58.1041 54.643 54.3847 52.72 53.4626 53.909 49.8497 55.0444 37.7308 38.1603 37.1662 58.9183 55.8039 31.6333 27.72 48.1838 69.397 60.1199 50.025 56.0652 10 38.8444 24.8661 20.0499 23.4536 20.6301 61.8652
45.4683 64.3415 65.6597 69.2368 69.2284 72.0322 76.7308 43.2866 42.7567 44.176 39.8329 39.5466 35.9615 37.7308 35 32.0907 35.0599 74.846 25 18.544 60.774 59.7293 63.0848 22.1655 29.0263 53.1045 70.7289 54.7214 74.1405 82.6223 38.8444 10 39.0689 35.7099 25.6525 42.0156 69.2115
31.095 63.7587 62.3927 63.4603 68.5235 66.4358 71.4003 63.7122 50.4969 48.0132 48.0132 43.6155 44.8281 41.9061 44.0588 46.1248 39.4109 69.4138 30.2485 42.5576 51.0488 72.2896 70.208 27.4642 20.4403 62.0096 83.1095 72.0081 63.1507 67.28 24.8661 39.0689 10 15.6569 25.8114 16.3246 76.3702
27.1172 58.7647 57.676 59.0918 63.6004 62.0865 67.0789 58.3011 52.0476 50.1622 49.3573 45.4683 45.8469 43.6155 44.9857 46.2353 40.8707 65.0818 29.8494 38.0713 47.054 66.6392 64.7083 25.2643 19.2195 56.4004 77.4759 66.4004 59.6488 64.7814 20.0499 35.7099 15.6569 10 21.0454 16.3246 70.9016
30.6155 56.0435 56.0977 58.6621 61.0392 61.6236 66.5685 48.2753 49.6232 49.0512 46.6742 44.0588 42.7567 42.0624 41.7805 41.3847 39.0689 64.5894 26.1245 27.0294 48.2753 59.0918 59.0408 19.2195 19.434 49.8121 70.208 57.3814 61.6236 68.8303 23.4536 25.6525 25.8114 21.0454 10 27.0294 65.3624
25.5242 58.8467 57.1275 57.8539 63.4883 60.8035 65.7315 62.9245 56.6476 54.2832 54.1022 49.8246 50.8044 48.0789 50 51.7253 45.5106 63.7587 35.4951 44 45.2278 69.4643 66.4004 31.4709 25 58.7955 80.0071 70.208 57.0425 60.9608 20.6301 42.0156 16.3246 16.3246 27.0294 10 72.426
58.1664 28.0278 32.8035 37.2947 27.0294 37.0185 37.2947 43.6155 101.788 102.574 98.8144 97.6641 94.8528 95.703 93.863 91.3019 92.7647 37.074 80.0928 61.0392 45.7771 23.6015 16.3246 73.3246 74.622 26.1245 23.0384 34.2074 48.2099 60.04 61.8652 69.2115 76.3702 70.9016 65.3624 72.426 10
0         960      
371       491      
519       639      
0         917      
653       773      
0         914      
703       823      
784       904      
0         891      
146       266      
0         894      
0         897      
246       366      
0         899      
0         898      
80        200      
0         902      
0         911      
0         914      
0         916      
375       495      
782       902      
0         907      
167       287      
268       388      
645       765      
0         892      
764       884      
365       485      
352       472      
822       942      
0         914      
808       928      
0         932      
0         929      
0         934      
0         901      
