32
0 38.0789 30.8058 39.3573 36.0555 40.3113 33.3017 35.3553 39.0512 32.3883 41.2311 44.2041 43.0116 40.6079 36.0555 33.541 38.0789 37.7359 37.2022 20 18.0278 26.9258 9.21954 19.6469 39.2938 32.5576 38.4708 14.7648 17.8885 15.5242 14.1421 19.2354
48.0789 10 20.4403 13 17.0711 15 22.2066 24.1421 21.1803 53.4626 61.4782 52 50 50.1123 45.3553 40.4138 40 15.831 18.6023 45.3553 49.0512 36.9258 43.541 28.868 43.9706 43.6155 35.4951 52.0476 37.0185 53.1393 43.0151 28.9737
40.8058 20.4403 10 20 15.3852 20.198 14 17 18.6023 43.1059 51.3401 56.0977 54.1475 53.566 48.3275 43.3766 44.4819 17.2801 16.4031 35.0799 46.2491 26.5529 34.6982 24.3178 35 33.6008 27.4642 42.3883 27.1172 49.1152 33.3452 22.0416
49.3573 13 20 10 15.3852 12 20.7703 22.2066 18.6023 52.3792 60.0899 55 53 53.1045 48.3275 43.3766 43 13.6056 16.4031 45.0571 51.4005 35.9615 44.2053 30.6155 42.0156 42.2025 33.3452 52.2966 37.074 55.2769 43.2415 30.1246
46.0555 17.0711 15.3852 15.3852 10 15 15.3852 17.0711 15 47 54.7214 57.2652 55.2769 55.0444 50 45 45.3553 12 12 40 50.3113 30.6155 40.0832 28.6011 36.9072 36.8328 28.4391 47.6563 32.3607 53.6005 38.6356 27.0294
50.3113 15 20.198 12 15 10 20.198 21.1803 17.0711 51.7612 59.2443 57 55 55.0999 50.3113 45.3553 45 13 15.3852 45 53.0116 35.4951 44.7851 31.9317 40.8058 41.3847 32.0227 52.5793 37.2947 56.7547 43.541 31.095
43.3017 22.2066 14 20.7703 15.3852 20.198 10 13 15.831 41.6228 49.3573 60.01 58.0521 57.5184 52.2966 47.3363 48.3275 17.2801 15 35.0799 49.9249 25.2971 36.4197 28.0278 31.9317 31.4709 23.8924 43.2415 28.0278 52.5441 34.3516 25.2643
45.3553 24.1421 17 22.2066 17.0711 21.1803 13 10 15 40.8058 48.0789 62.9528 60.9902 60.4876 55.2769 50.3113 51.2311 18.6023 15.831 35.4951 52.72 25 38.0179 30.8806 29.8494 30.2485 21.4018 44.176 29.2354 55.1774 35.4951 27.8885
49.0512 21.1803 18.6023 18.6023 15 17.0711 15.831 15 10 45.6931 52.72 62.2398 60.2494 60.04 55 50 50.3113 15.3852 13 40.4138 54.7214 30 42.249 32.8254 33.8537 35 25 48.8973 33.7697 57.7074 40.0832 30.6155
42.3883 53.4626 43.1059 52.3792 47 51.7612 41.6228 40.8058 45.6931 10 19.434 81.2811 79.6348 77.9559 72.6817 68.6003 71.7171 48.8973 46.4005 23 59.3356 26.5529 34.0416 46.1248 26.1555 21 33.0868 29.105 30.6155 57.8539 29.3132 41.8277
51.2311 61.4782 51.3401 60.0899 54.7214 59.2443 49.3573 48.0789 52.72 19.434 10 90.7094 89.0569 87.3886 82.111 78.0074 81.0634 56.5188 53.8634 32.3607 68.5235 35 43.2415 55.4533 30.0998 27.8885 38.6356 37.1662 40 66.7539 38.6356 51.1096
54.2041 52 56.0977 55 57.2652 57 60.01 62.9528 62.2398 81.2811 90.7094 10 12 13.6056 18.6023 23 22 57.0956 59.2544 68.6003 37.7308 67.6975 58.8365 45.7771 79.6419 75.7419 73.3246 68 60.774 43.2415 62.6308 50.2492
53.0116 50 54.1475 53 55.2769 55 58.0521 60.9902 60.2494 79.6348 89.0569 12 10 13 17.0711 21.1803 20 55.0999 57.2652 67.0088 36.9258 65.9017 57.3814 44 77.7791 73.9531 71.4003 66.6392 59.0918 42.573 61.0882 48.4708
50.6079 50.1123 53.566 53.1045 55.0444 55.0999 57.5184 60.4876 60.04 77.9559 87.3886 13.6056 13 10 15.3852 20.198 20.4403 55 57.0425 65.2178 34.1661 64.626 55.3431 42.6956 76.7308 72.6498 70.6383 64.4518 57.5079 39.7321 59.2037 47.1618
46.0555 45.3553 48.3275 48.3275 50 50.3113 52.2966 55.2769 55 72.6817 82.111 18.6023 17.0711 15.3852 10 15 17.0711 50.05 52 60 30.6155 59.2443 50.3113 37.313 71.3514 67.2713 65.3173 59.5782 52.19 36.4764 54.0454 41.7805
43.541 40.4138 43.3766 43.3766 45 45.3553 47.3363 50.3113 50 68.6003 78.0074 23 21.1803 20.198 15 10 15 45.0571 47 56.0977 30 54.7214 46.8782 32.8254 66.648 62.7731 60.448 56.4004 48.0132 36 50.3113 37.2947
48.0789 40 44.4819 43 45.3553 45 48.3275 51.2311 50.3113 71.7171 81.0634 22 20 20.4403 17.0711 15 10 45.1283 47.3363 59.4975 35 57.1699 50.8044 35.6125 68.6003 65.2268 61.8652 60.4777 51.1096 41 53.9318 40
47.7359 15.831 17.2801 13.6056 12 13 17.2801 18.6023 15.3852 48.8973 56.5188 57.0956 55.0999 55 50.05 45.0571 45.1283 10 12.8284 42 51.3401 32.561 41.9531 29.8494 38.4253 38.6356 29.799 49.6232 34.3311 54.8219 40.5941 28.6011
47.2022 18.6023 16.4031 16.4031 12 15.3852 15 15.831 13 46.4005 53.8634 59.2544 57.2652 57.0425 52 47 47.3363 12.8284 10 40.0666 52.0595 30.2237 40.8707 30.2485 35.6125 36 26.9706 48.0789 32.8035 55.2217 39.1204 28.3848
30 45.3553 35.0799 45.0571 40 45 35.0799 35.4951 40.4138 23 32.3607 68.6003 67.0088 65.2178 60 56.0977 59.4975 42 40.0666 10 46.4005 21.1803 21.1803 34.2074 30.5913 23.4164 32.8035 19.8995 18.9443 45.2278 16.3246 30.2485
28.0278 49.0512 46.2491 51.4005 50.3113 53.0116 49.9249 52.72 54.7214 59.3356 68.5235 37.7308 36.9258 34.1661 30.6155 30 35 51.3401 52.0595 46.4005 10 50 35.2982 31.9317 63 57.1699 59.6488 42.7567 41.0644 16 40.0832 35
36.9258 36.9258 26.5529 35.9615 30.6155 35.4951 25.2971 25 30 26.5529 35 67.6975 65.9017 64.626 59.2443 54.7214 57.1699 32.561 30.2237 21.1803 50 10 27.8885 31.9317 23 18.0623 22.0416 30.8087 19.2195 50.4475 23.6015 27.4642
19.2195 43.541 34.6982 44.2053 40.0832 44.7851 36.4197 38.0179 42.249 34.0416 43.2415 58.8365 57.3814 55.3431 50.3113 46.8782 50.8044 41.9531 40.8707 21.1803 35.2982 27.8885 10 27.4642 40.0832 33.3452 39.6816 19.8489 19.2195 34.0832 15 25
29.6469 28.868 24.3178 30.6155 28.6011 31.9317 28.0278 30.8806 32.8254 46.1248 55.4533 45.7771 44 42.6956 37.313 32.8254 35.6125 29.8494 30.2485 34.2074 31.9317 31.9317 27.4642 10 44.2053 39.9666 39.0172 37.2029 25.5563 35 29.2354 14.4721
49.2938 43.9706 35 42.0156 36.9072 40.8058 31.9317 29.8494 33.8537 26.1555 30.0998 79.6419 77.7791 76.7308 71.3514 66.648 68.6003 38.4253 35.6125 30.5913 63 23 40.0832 44.2053 10 17.2111 18.9443 40.2324 32.0907 63.3385 35.2982 39.8329
42.5576 43.6155 33.6008 42.2025 36.8328 41.3847 31.4709 30.2485 35 21 27.8885 75.7419 73.9531 72.6498 67.2713 62.7731 65.2268 38.6356 36 23.4164 57.1699 18.0623 33.3452 39.9666 17.2111 10 22.1655 33.0217 26.1245 57.0425 28.4391 35.4951
48.4708 35.4951 27.4642 33.3452 28.4391 32.0227 23.8924 21.4018 25 33.0868 38.6356 73.3246 71.4003 70.6383 65.3173 60.448 61.8652 29.799 26.9706 32.8035 59.6488 22.0416 39.6816 39.0172 18.9443 22.1655 10 42.6497 30.5913 60.9608 35.6125 35.02
24.7648 52.0476 42.3883 52.2966 47.6563 52.5793 43.2415 44.176 48.8973 29.105 37.1662 68 66.6392 64.4518 59.5782 56.4004 60.4777 49.6232 48.0789 19.8995 42.7567 30.8087 19.8489 37.2029 40.2324 33.0217 42.6497 10 25.2971 40.0832 19.0554 34.3311
27.8885 37.0185 27.1172 37.074 32.3607 37.2947 28.0278 29.2354 33.7697 30.6155 40 60.774 59.0918 57.5079 52.19 48.0132 51.1096 34.3311 32.8035 18.9443 41.0644 19.2195 19.2195 25.5563 32.0907 26.1245 30.5913 25.2971 10 41.257 16.3246 21.4018
25.5242 53.1393 49.1152 55.2769 53.6005 56.7547 52.5441 55.1774 57.7074 57.8539 66.7539 43.2415 42.573 39.7321 36.4764 36 41 54.8219 55.2217 45.2278 16 50.4475 34.0832 35 63.3385 57.0425 60.9608 40.0832 41.257 10 39.0689 37.2947
24.1421 43.0151 33.3452 43.2415 38.6356 43.541 34.3516 35.4951 40.0832 29.3132 38.6356 62.6308 61.0882 59.2037 54.0454 50.3113 53.9318 40.5941 39.1204 16.3246 40.0832 23.6015 15 29.2354 35.2982 28.4391 35.6125 19.0554 16.3246 39.0689 10 25.8114
29.2354 28.9737 22.0416 30.1246 27.0294 31.095 25.2643 27.8885 30.6155 41.8277 51.1096 50.2492 48.4708 47.1618 41.7805 37.2947 40 28.6011 28.3848 30.2485 35 27.4642 25 14.4721 39.8329 35.4951 35.02 34.3311 21.4018 37.2947 25.8114 10
0         960      
673       793      
152       272      
471       591      
644       764      
73        193      
388       508      
300       420      
367       487      
223       343      
255       375      
657       777      
43        163      
557       677      
64        184      
33        153      
574       694      
37        157      
489       609      
375       495      
601       721      
694       814      
157       277      
810       930      
286       406      
365       485      
352       472      
152       272      
260       380      
562       682      
172       292      
810       930      
