15
0 38.0789 39.3573 40.3113 35.3553 33.5261 39.2938 41.2311 38.0789 37.7359 37.2022 15.8114 39.2938 14.7648 20.5183
48.0789 10 13 15 24.1421 58.1041 60.5371 61.4782 40 15.831 18.6023 38.2843 43.9706 52.0476 60.01
49.3573 13 10 12 22.2066 57.1275 59.2443 60.0899 43 13.6056 16.4031 40.4795 42.0156 52.2966 60.1597
50.3113 15 12 10 21.1803 56.5725 58.4665 59.2443 45 13 15.3852 42.0156 40.8058 52.5793 60.3587
45.3553 24.1421 22.2066 21.1803 10 45.6931 47.3363 48.0789 51.2311 18.6023 15.831 41.6228 29.8494 44.176 51.4849
43.5261 58.1041 57.1275 56.5725 45.6931 10 16 18 75.0692 53.6807 51.2311 54.6542 30.8806 29.2354 28.6815
49.2938 60.5371 59.2443 58.4665 47.3363 16 10 12 79.527 55.6946 53.0813 59.7393 30 35.1794 34.5153
51.2311 61.4782 60.0899 59.2443 48.0789 18 12 10 81.0634 56.5188 53.8634 61.4782 30.0998 37.1662 36.4764
48.0789 40 43 45 51.2311 75.0692 79.527 81.0634 10 45.1283 47.3363 32.3607 68.6003 60.4777 67.8014
47.7359 15.831 13.6056 13 18.6023 53.6807 55.6946 56.5188 45.1283 10 12.8284 40.2324 38.4253 49.6232 57.3814
47.2022 18.6023 16.4031 15.3852 15.831 51.2311 53.0813 53.8634 47.3363 12.8284 10 40.8869 35.6125 48.0789 55.7056
25.8114 38.2843 40.4795 42.0156 41.6228 54.6542 59.7393 61.4782 32.3607 40.2324 40.8869 10 53.2897 38.4253 45.5106
49.2938 43.9706 42.0156 40.8058 29.8494 30.8806 30 30.0998 68.6003 38.4253 35.6125 53.2897 10 40.2324 44.6554
24.7648 52.0476 52.2966 52.5793 44.176 29.2354 35.1794 37.1662 60.4777 49.6232 48.0789 38.4253 40.2324 10 18.0623
30.5183 60.01 60.1597 60.3587 51.4849 28.6815 34.5153 36.4764 67.8014 57.3814 55.7056 45.5106 44.6554 18.0623 10
0         960      
0         911      
0         910      
0         909      
0         914      
195       315      
174       294      
0         908      
0         911      
37        157      
0         912      
0         934      
0         910      
0         935      
308       428      
