20
0.0 49.2 46.5 42.7 43.5 34.3 33.2 16.3 57.0 25.4 84.9 42.3 48.9 78.7 49.4 67.3 17.4 53.6 75.8 83.8
49.2 0.0 3.9 45.1 58.8 18.6 40.5 56.0 39.3 34.3 38.4 13.4 51.0 37.7 4.3 47.4 46.6 29.0 29.0 41.4
46.5 3.9 0.0 46.0 59.1 18.1 36.6 52.6 36.1 33.5 39.6 14.5 47.2 37.4 7.6 50.2 43.1 31.6 30.2 41.5
42.7 45.1 46.0 0.0 15.1 28.9 63.6 58.6 77.5 19.9 81.6 31.7 79.8 82.8 41.8 27.6 55.5 24.1 72.5 86.3
43.5 58.8 59.1 15.1 0.0 41.2 70.6 59.8 87.8 28.0 96.2 45.4 87.2 96.5 55.8 39.4 59.2 39.2 86.9 100.3
34.3 18.6 18.1 28.9 41.2 0.0 39.1 45.2 48.9 15.6 57.1 7.9 53.9 55.6 16.9 40.7 37.8 22.9 47.7 59.7
33.2 40.5 36.6 63.6 70.6 39.1 0.0 26.3 25.4 43.9 64.4 43.7 16.6 53.9 43.6 79.9 17.2 61.8 56.9 59.4
16.3 56.0 52.6 58.6 59.8 45.2 26.3 0.0 51.8 40.1 87.5 52.5 38.7 78.8 57.4 81.9 10.1 66.8 79.1 84.1
57.0 39.3 36.1 77.5 87.8 48.9 25.4 51.8 0.0 59.8 45.7 49.3 20.0 32.5 43.6 86.2 42.5 67.5 40.8 37.7
25.4 34.3 33.5 19.9 28.0 15.6 43.9 40.1 59.8 0.0 72.7 22.5 60.3 70.8 32.5 41.9 35.9 28.7 63.3 75.0
84.9 38.4 39.6 81.6 96.2 57.1 64.4 87.5 45.7 72.7 0.0 51.0 65.4 14.6 40.6 74.6 77.4 60.3 9.4 11.7
42.3 13.4 14.5 31.7 45.4 7.9 43.7 52.5 49.3 22.5 51.0 0.0 57.2 51.2 10.4 37.3 44.6 18.6 41.7 54.8
48.9 51.0 47.2 79.8 87.2 53.9 16.6 38.7 20.0 60.3 65.4 57.2 0.0 52.5 54.8 94.3 31.8 75.8 59.8 57.8
78.7 37.7 37.4 82.8 96.5 55.6 53.9 78.8 32.5 70.8 14.6 51.2 52.5 0.0 41.1 80.7 68.7 64.2 15.1 5.4
49.4 4.3 7.6 41.8 55.8 16.9 43.6 57.4 43.6 32.5 40.6 10.4 54.8 41.1 0.0 43.1 48.4 24.7 31.2 44.5
67.3 47.4 50.2 27.6 39.4 40.7 79.9 81.9 86.2 41.9 74.6 37.3 94.3 80.7 43.1 0.0 76.6 18.7 67.0 82.6
17.4 46.6 43.1 55.5 59.2 37.8 17.2 10.1 42.5 35.9 77.4 44.6 31.8 68.7 48.4 76.6 0.0 60.2 69.0 74.0
53.6 29.0 31.6 24.1 39.2 22.9 61.8 66.8 67.5 28.7 60.3 18.6 75.8 64.2 24.7 18.7 60.2 0.0 51.8 66.8
75.8 29.0 30.2 72.5 86.9 47.7 56.9 79.1 40.8 63.3 9.4 41.7 59.8 15.1 31.2 67.0 69.0 51.8 0.0 15.7
83.8 41.4 41.5 86.3 100.3 59.7 59.4 84.1 37.7 75.0 11.7 54.8 57.8 5.4 44.5 82.6 74.0 66.8 15.7 0.0
0         718      
141       172      
163       207      
300       339      
423       470      
283       312      
21        61       
357       403      
40        84       
326       351      
88        108      
168       201      
511       538      
90        114      
137       177      
595       650      
10        38       
263       290      
202       239      
117       137      
