20
0.0 14.6 93.5 91.2 25.4 53.3 58.8 48.0 46.7 58.0 60.8 86.8 66.0 16.1 61.0 31.5 40.4 46.1 76.4 65.2
14.6 0.0 82.4 79.9 39.8 39.6 47.8 48.8 54.7 48.9 66.5 81.5 58.2 30.8 53.0 46.0 50.3 32.9 71.8 59.2
93.5 82.4 0.0 2.6 110.6 47.1 34.7 69.9 95.5 36.9 91.3 41.7 34.2 106.6 36.9 116.9 100.4 50.9 45.6 41.3
91.2 79.9 2.6 0.0 108.5 44.4 32.3 68.6 94.1 35.0 90.3 42.1 32.9 104.4 35.3 114.8 98.8 48.3 45.4 40.3
25.4 39.8 110.6 108.5 0.0 75.9 77.2 50.2 35.3 73.6 51.8 94.6 79.0 10.6 74.7 6.5 25.9 68.2 83.6 75.6
53.3 39.6 47.1 44.4 75.9 0.0 18.8 56.0 75.7 27.5 80.2 63.3 37.9 68.9 33.7 82.5 76.2 7.8 57.9 44.3
58.8 47.8 34.7 32.3 77.2 18.8 0.0 44.8 68.3 9.9 69.0 44.5 19.3 72.4 15.8 83.7 71.0 18.4 39.5 26.4
48.0 48.8 69.9 68.6 50.2 56.0 44.8 0.0 25.6 36.2 24.3 44.9 35.6 51.9 33.6 55.0 31.8 49.3 33.9 29.2
46.7 54.7 95.5 94.1 35.3 75.7 68.3 25.6 0.0 60.7 16.5 68.4 61.2 41.9 58.8 37.7 9.6 68.1 57.8 54.8
58.0 48.9 36.9 35.0 73.6 27.5 9.9 36.2 60.7 0.0 60.1 36.5 10.8 70.1 6.2 79.9 64.5 25.0 30.3 16.7
60.8 66.5 91.3 90.3 51.8 80.2 69.0 24.3 16.5 60.1 0.0 58.6 57.6 58.0 56.6 54.2 26.1 73.2 48.9 49.9
86.8 81.5 41.7 42.1 94.6 63.3 44.5 44.9 68.4 36.5 58.6 0.0 25.7 94.8 30.6 99.8 76.2 61.5 11.0 22.2
66.0 58.2 34.2 32.9 79.0 37.9 19.3 35.6 61.2 10.8 57.6 25.7 0.0 76.7 5.2 85.0 66.4 35.8 20.2 8.4
16.1 30.8 106.6 104.4 10.6 68.9 72.4 51.9 41.9 70.1 58.0 94.8 76.7 0.0 72.1 15.8 33.4 61.4 83.9 74.4
61.0 53.0 36.9 35.3 74.7 33.7 15.8 33.6 58.8 6.2 56.6 30.6 5.2 72.1 0.0 80.8 63.4 31.0 24.1 10.6
31.5 46.0 116.9 114.8 6.5 82.5 83.7 55.0 37.7 79.9 54.2 99.8 85.0 15.8 80.8 0.0 28.1 74.8 88.8 81.3
40.4 50.3 100.4 98.8 25.9 76.2 71.0 31.8 9.6 64.5 26.1 76.2 66.4 33.4 63.4 28.1 0.0 68.4 65.3 60.8
46.1 32.9 50.9 48.3 68.2 7.8 18.4 49.3 68.1 25.0 73.2 61.5 35.8 61.4 31.0 74.8 68.4 0.0 54.9 41.0
76.4 71.8 45.6 45.4 83.6 57.9 39.5 33.9 57.8 30.3 48.9 11.0 20.2 83.9 24.1 88.8 65.3 54.9 0.0 13.9
65.2 59.2 41.3 40.3 75.6 44.3 26.4 29.2 54.8 16.7 49.9 22.2 8.4 74.4 10.6 81.3 60.8 41.0 13.9 0.0
0         732      
96        146      
608       638      
286       320      
74        123      
144       168      
178       209      
362       388      
386       404      
170       239      
506       553      
322       359      
244       258      
4         17       
191       234      
13        54       
44        95       
441       507      
201       252      
216       236      
