20
0.0 39.2 48.9 45.6 44.6 58.9 47.5 54.2 52.0 35.8 84.7 48.4 62.9 66.9 34.6 79.4 23.5 74.0 37.9 27.8
39.2 0.0 47.2 38.0 45.3 30.8 20.3 19.9 61.6 68.7 45.5 17.4 31.0 31.0 17.0 65.6 35.4 38.0 19.3 23.2
48.9 47.2 0.0 9.5 84.3 78.0 32.0 41.6 96.8 49.0 74.6 64.6 40.6 75.3 30.2 31.8 65.7 81.3 27.8 60.0
45.6 38.0 9.5 0.0 77.2 68.8 22.5 32.1 90.6 52.7 65.6 55.5 32.1 65.7 21.5 33.9 59.6 71.7 18.7 52.7
44.6 45.3 84.3 77.2 0.0 35.1 65.1 64.9 17.2 79.6 79.2 36.0 76.1 50.6 56.8 109.1 21.1 55.7 60.5 24.5
58.9 30.8 78.0 68.8 35.1 0.0 48.9 43.5 51.6 93.6 45.8 13.4 53.4 16.0 47.9 93.8 41.7 20.6 50.1 31.5
47.5 20.3 32.0 22.5 65.1 48.9 0.0 10.0 80.7 67.6 44.6 36.3 15.4 43.7 12.8 45.4 52.1 49.4 10.0 41.6
54.2 19.9 41.6 32.1 64.9 43.5 10.0 0.0 81.4 77.0 34.6 32.2 11.1 35.8 20.8 50.5 55.0 40.8 19.1 43.1
52.0 61.6 96.8 90.6 17.2 51.6 80.7 81.4 0.0 83.7 96.4 53.3 92.5 67.3 71.4 123.5 31.1 72.2 75.2 39.2
35.8 68.7 49.0 52.7 79.6 93.6 67.6 77.0 83.7 0.0 111.2 81.8 81.9 99.2 56.5 79.5 58.8 106.3 57.9 63.3
84.7 45.5 74.6 65.6 79.2 45.8 44.6 34.6 96.4 111.2 0.0 43.8 34.2 30.0 54.6 73.1 77.9 28.0 53.5 65.2
48.4 17.4 64.6 55.5 36.0 13.4 36.3 32.2 53.3 81.8 43.8 0.0 42.9 18.8 34.4 81.6 35.2 25.8 36.8 23.0
62.9 31.0 40.6 32.1 76.1 53.4 15.4 11.1 92.5 81.9 34.2 42.9 0.0 43.7 28.3 42.3 65.7 47.6 25.4 54.1
66.9 31.0 75.3 65.7 50.6 16.0 43.7 35.8 67.3 99.2 30.0 18.8 43.7 0.0 47.0 85.8 53.7 7.1 48.1 41.7
34.6 17.0 30.2 21.5 56.8 47.9 12.8 20.8 71.4 56.5 54.6 34.4 28.3 47.0 0.0 52.2 41.4 53.6 3.8 32.4
79.4 65.6 31.8 33.9 109.1 93.8 45.4 50.5 123.5 79.5 73.1 81.6 42.3 85.8 52.2 0.0 92.9 89.9 48.5 84.7
23.5 35.4 65.7 59.6 21.1 41.7 52.1 55.0 31.1 58.8 77.9 35.2 65.7 53.7 41.4 92.9 0.0 60.3 45.2 12.8
74.0 38.0 81.3 71.7 55.7 20.6 49.4 40.8 72.2 106.3 28.0 25.8 47.6 7.1 53.6 89.9 60.3 0.0 54.5 48.6
37.9 19.3 27.8 18.7 60.5 50.1 10.0 19.1 75.2 57.9 53.5 36.8 25.4 48.1 3.8 48.5 45.2 54.5 0.0 36.2
27.8 23.2 60.0 52.7 24.5 31.5 41.6 43.1 39.2 63.3 65.2 23.0 54.1 41.7 32.4 84.7 12.8 48.6 36.2 0.0
0         837      
50        96       
365       435      
129       170      
254       305      
209       264      
87        105      
348       390      
496       536      
405       451      
183       216      
35        59       
154       176      
222       241      
94        145      
644       659      
284       325      
717       762      
55        98       
14        46       
