20
0.0 62.7 35.9 31.3 45.2 21.9 20.9 70.8 48.1 26.5 20.4 8.3 30.0 15.0 29.3 47.6 71.2 42.6 52.2 7.2
62.7 0.0 47.4 82.2 53.1 40.7 83.4 51.1 58.7 85.8 65.7 64.3 47.2 61.2 92.0 17.8 35.0 34.7 40.0 69.7
35.9 47.4 0.0 66.8 64.6 27.1 53.9 81.2 69.6 62.0 24.4 31.0 6.1 46.4 58.9 29.8 39.1 51.0 62.4 42.2
31.3 82.2 66.8 0.0 41.1 45.8 24.6 68.8 40.0 14.3 50.3 38.4 60.7 22.1 32.5 71.2 99.1 51.2 55.3 26.8
45.2 53.1 64.6 41.1 0.0 37.6 57.0 28.0 5.7 52.0 63.2 52.8 59.4 31.7 67.0 50.6 81.4 18.7 15.8 48.0
21.9 40.7 27.1 45.8 37.6 0.0 42.7 57.2 42.5 46.2 29.9 24.5 21.8 23.7 51.2 26.2 53.3 26.5 37.8 29.0
20.9 83.4 53.9 24.6 57.0 42.7 0.0 84.7 58.0 11.5 31.9 22.9 48.5 26.2 10.0 68.5 91.3 59.9 67.7 13.7
70.8 51.1 81.2 68.8 28.0 57.2 84.7 0.0 29.0 80.1 86.3 77.5 77.3 58.8 94.8 57.9 85.5 30.7 19.3 74.7
48.1 58.7 69.6 40.0 5.7 42.5 58.0 29.0 0.0 51.9 66.8 56.0 64.3 33.8 67.9 56.4 87.2 24.4 20.2 50.1
26.5 85.8 62.0 14.3 52.0 46.2 11.5 80.1 51.9 0.0 41.9 31.3 56.2 25.0 18.2 72.5 97.7 58.4 64.6 19.8
20.4 65.7 24.4 50.3 63.2 29.9 31.9 86.3 66.8 41.9 0.0 12.2 20.5 35.2 35.1 48.2 63.5 56.0 67.0 23.5
8.3 64.3 31.0 38.4 52.8 24.5 22.9 77.5 56.0 31.3 12.2 0.0 25.5 23.3 29.0 47.9 68.5 48.3 58.6 11.8
30.0 47.2 6.1 60.7 59.4 21.8 48.5 77.3 64.3 56.2 20.5 25.5 0.0 40.3 53.9 29.4 43.4 46.8 58.2 36.4
15.0 61.2 46.4 22.1 31.7 23.7 26.2 58.8 33.8 25.0 35.2 23.3 40.3 0.0 36.3 49.2 77.0 33.9 41.4 16.3
29.3 92.0 58.9 32.5 67.0 51.2 10.0 94.8 67.9 18.2 35.1 29.0 53.9 36.3 0.0 76.5 97.3 69.7 77.7 22.5
47.6 17.8 29.8 71.2 50.6 26.2 68.5 57.9 56.4 72.5 48.2 47.9 29.4 49.2 76.5 0.0 30.8 32.4 41.9 54.8
71.2 35.0 39.1 99.1 81.4 53.3 91.3 85.5 87.2 97.7 63.5 68.5 43.4 77.0 97.3 30.8 0.0 63.0 71.6 78.3
42.6 34.7 51.0 51.2 18.7 26.5 59.9 30.7 24.4 58.4 56.0 48.3 46.8 33.9 69.7 32.4 63.0 0.0 11.4 47.8
52.2 40.0 62.4 55.3 15.8 37.8 67.7 19.3 20.2 64.6 67.0 58.6 58.2 41.4 77.7 41.9 71.6 11.4 0.0 56.7
7.2 69.7 42.2 26.8 48.0 29.0 13.7 74.7 50.1 19.8 23.5 11.8 36.4 16.3 22.5 54.8 78.3 47.8 56.7 0.0
0         755      
642       692      
214       243      
364       371      
289       295      
67        93       
380       417      
479       504      
306       364      
376       433      
16        47       
0         13       
129       160      
48        92       
553       609      
102       119      
146       195      
270       295      
269       322      
28        53       
