20
0.0 78.6 77.7 28.3 81.2 47.6 34.7 15.9 36.4 71.0 45.6 57.3 39.8 27.5 41.3 37.2 25.8 25.9 22.0 29.0
78.6 0.0 11.0 65.3 22.2 67.1 44.7 76.1 59.6 15.8 97.9 36.3 95.8 76.6 53.6 55.7 99.4 87.5 63.5 52.6
77.7 11.0 0.0 60.8 33.2 73.0 43.0 77.4 63.9 7.4 102.0 43.5 99.2 79.6 58.4 59.8 96.4 83.3 65.3 54.3
28.3 65.3 60.8 0.0 75.5 63.5 24.0 40.1 49.5 53.4 72.1 58.4 66.7 50.3 50.9 47.9 36.9 22.5 36.9 34.5
81.2 22.2 33.2 75.5 0.0 56.0 51.9 74.3 53.1 36.4 89.4 26.4 88.6 71.5 46.4 49.7 105.0 95.9 61.8 52.3
47.6 67.1 73.0 63.5 56.0 0.0 46.9 32.8 14.1 69.9 33.8 31.1 34.0 22.9 15.7 16.8 72.8 72.5 27.4 30.0
34.7 44.7 43.0 24.0 51.9 46.9 0.0 36.7 33.2 36.3 66.0 34.8 61.9 42.3 31.9 30.1 54.8 44.1 26.5 17.6
15.9 76.1 77.4 40.1 74.3 32.8 36.7 0.0 23.7 71.7 32.0 48.6 26.8 11.6 29.8 25.7 40.0 41.8 12.6 23.4
36.4 59.6 63.9 49.5 53.1 14.1 33.2 23.7 0.0 59.7 38.2 26.7 36.2 18.3 6.7 4.0 62.2 60.0 14.6 15.9
71.0 15.8 7.4 53.4 36.4 69.9 36.3 71.7 59.7 0.0 97.4 41.8 94.4 74.6 54.8 55.7 89.2 75.9 59.8 48.9
45.6 97.9 102.0 72.1 89.4 33.8 66.0 32.0 38.2 97.4 0.0 63.5 5.9 23.6 44.3 42.2 62.9 70.3 39.5 49.3
57.3 36.3 43.5 58.4 26.4 31.1 34.8 48.6 26.7 41.8 63.5 0.0 62.3 45.1 20.0 23.4 82.4 75.7 36.5 28.4
39.8 95.8 99.2 66.7 88.6 34.0 61.9 26.8 36.2 94.4 5.9 62.3 0.0 19.8 42.6 40.1 57.0 64.4 35.4 45.8
27.5 76.6 79.6 50.3 71.5 22.9 42.3 11.6 18.3 74.6 23.6 45.1 19.8 0.0 25.1 21.7 51.0 53.4 15.8 25.9
41.3 53.6 58.4 50.9 46.4 15.7 31.9 29.8 6.7 54.8 44.3 20.0 42.6 25.1 0.0 4.1 67.1 63.5 19.2 16.4
37.2 55.7 59.8 47.9 49.7 16.8 30.1 25.7 4.0 55.7 42.2 23.4 40.1 21.7 4.1 0.0 63.0 59.7 15.1 13.5
25.8 99.4 96.4 36.9 105.0 72.8 54.8 40.0 62.2 89.2 62.9 82.4 57.0 51.0 67.1 63.0 0.0 16.3 47.8 54.0
25.9 87.5 83.3 22.5 95.9 72.5 44.1 41.8 60.0 75.9 70.3 75.7 64.4 53.4 63.5 59.7 16.3 0.0 45.4 48.2
22.0 63.5 65.3 36.9 61.8 27.4 26.5 12.6 14.6 59.8 39.5 36.5 35.4 15.8 19.2 15.1 47.8 45.4 0.0 11.0
29.0 52.6 54.3 34.5 52.3 30.0 17.6 23.4 15.9 48.9 49.3 28.4 45.8 25.9 16.4 13.5 54.0 48.2 11.0 0.0
0         790      
221       278      
594       628      
352       382      
282       300      
83        133      
150       189      
5         68       
58        107      
248       295      
691       744      
180       224      
438       472      
110       127      
64        91       
118       146      
393       433      
499       550      
10        45       
27        96       
