20
0.0 92.6 27.8 57.7 7.0 16.3 9.9 28.6 106.7 42.5 56.3 51.4 62.7 82.7 68.3 63.9 49.1 17.6 58.3 55.0
92.6 0.0 67.6 73.4 92.2 97.9 92.3 72.0 53.9 69.1 64.1 41.2 41.5 13.7 101.1 69.3 70.1 84.1 90.3 46.1
27.8 67.6 0.0 57.0 25.3 39.8 32.2 28.1 92.4 40.6 51.3 27.5 34.8 59.7 77.4 60.7 47.6 16.5 65.2 27.1
57.7 73.4 57.0 0.0 63.0 49.3 49.7 30.9 57.4 16.6 9.4 48.8 72.7 59.6 27.9 7.4 9.4 65.6 17.0 67.9
7.0 92.2 25.3 63.0 0.0 23.3 16.8 32.9 109.8 47.3 60.9 51.1 59.8 83.1 74.9 68.9 54.1 11.9 64.6 52.1
16.3 97.9 39.8 49.3 23.3 0.0 7.6 26.8 103.4 37.1 50.6 57.7 73.5 86.6 54.3 56.4 42.2 33.6 45.8 65.9
9.9 92.3 32.2 49.7 16.8 7.6 0.0 23.2 101.3 35.6 49.5 51.6 66.3 81.4 58.5 56.3 41.6 26.2 48.8 58.7
28.6 72.0 28.1 30.9 32.9 26.8 23.2 0.0 78.3 14.5 27.9 33.7 54.0 60.1 49.3 36.1 21.6 34.7 37.1 47.2
106.7 53.9 92.4 57.4 109.8 103.4 101.3 78.3 0.0 66.2 53.1 67.8 84.3 45.9 76.8 50.0 61.7 107.2 71.4 84.8
42.5 69.1 40.6 16.6 47.3 37.1 35.6 14.5 66.2 0.0 13.8 36.8 60.0 55.9 39.0 21.6 7.1 49.1 26.4 54.3
56.3 64.1 51.3 9.4 60.9 50.6 49.5 27.9 53.1 13.8 0.0 40.1 64.0 50.4 37.4 9.4 8.6 61.8 26.1 59.6
51.4 41.2 27.5 48.8 51.1 57.7 51.6 33.7 67.8 36.8 40.1 0.0 23.9 32.2 75.4 49.0 41.4 44.0 62.9 19.9
62.7 41.5 34.8 72.7 59.8 73.5 66.3 54.0 84.3 60.0 64.0 23.9 0.0 40.3 98.9 72.8 65.1 49.2 86.4 7.7
82.7 13.7 59.7 59.6 83.1 86.6 81.4 60.1 45.9 55.9 50.4 32.2 40.3 0.0 87.4 55.6 56.6 76.3 76.5 42.8
68.3 101.1 77.4 27.9 74.9 54.3 58.5 49.3 76.8 39.0 37.4 75.4 98.9 87.4 0.0 32.0 33.9 81.3 12.5 93.4
63.9 69.3 60.7 7.4 68.9 56.4 56.3 36.1 50.0 21.6 9.4 49.0 72.8 55.6 32.0 0.0 14.8 70.6 22.7 68.7
49.1 70.1 47.6 9.4 54.1 42.2 41.6 21.6 61.7 7.1 8.6 41.4 65.1 56.6 33.9 14.8 0.0 56.3 21.6 59.8
17.6 84.1 16.5 65.6 11.9 33.6 26.2 34.7 107.2 49.1 61.8 44.0 49.2 76.3 81.3 70.6 56.3 0.0 70.1 41.7
58.3 90.3 65.2 17.0 64.6 45.8 48.8 37.1 71.4 26.4 26.1 62.9 86.4 76.5 12.5 22.7 21.6 70.1 0.0 80.8
55.0 46.1 27.1 67.9 52.1 65.9 58.7 47.2 84.8 54.3 59.6 19.9 7.7 42.8 93.4 68.7 59.8 41.7 80.8 0.0
0         811      
689       718      
308       358      
200       232      
8         49       
34        68       
0         13       
101       120      
506       523      
163       189      
126       151      
267       280      
281       321      
388       395      
588       624      
156       171      
124       151      
65        86       
193       220      
413       446      
