20
0.0 88.8 52.8 70.5 64.7 57.0 39.0 76.2 5.3 97.9 44.1 64.0 37.2 81.8 62.0 25.2 61.9 50.9 7.0 38.0
88.8 0.0 38.5 30.0 40.3 32.5 75.3 80.2 89.9 18.3 60.3 43.2 65.6 13.7 67.3 113.6 75.3 46.3 91.6 51.6
52.8 38.5 0.0 18.7 38.1 7.0 53.1 54.8 52.9 45.1 41.1 40.0 27.6 36.5 38.0 76.6 44.8 10.4 54.3 14.8
70.5 30.0 18.7 0.0 48.6 18.6 71.0 50.8 70.1 29.4 57.8 51.2 39.5 35.0 37.3 93.4 45.2 20.4 71.3 33.3
64.7 40.3 38.1 48.6 0.0 32.5 38.2 93.0 67.9 57.6 23.9 2.9 60.1 27.1 76.1 89.5 82.5 48.2 69.9 39.3
57.0 32.5 7.0 18.6 32.5 0.0 52.4 60.9 57.7 41.2 39.1 34.7 34.5 29.5 44.4 81.5 51.4 17.3 59.3 19.2
39.0 75.3 53.1 71.0 38.2 52.4 0.0 99.2 44.0 90.3 15.0 36.1 57.9 63.7 82.1 59.5 85.6 58.7 45.9 42.3
76.2 80.2 54.8 50.8 93.0 60.9 99.2 0.0 72.3 73.2 91.5 94.9 41.7 85.7 17.4 88.3 14.3 44.9 72.2 58.2
5.3 89.9 52.9 70.1 67.9 57.7 44.0 72.3 0.0 98.1 48.2 67.3 34.8 83.6 58.7 23.7 58.2 50.0 2.0 38.5
97.9 18.3 45.1 29.4 57.6 41.2 90.3 73.2 98.1 0.0 75.5 60.5 68.9 32.0 63.6 121.7 71.5 49.6 99.5 59.9
44.1 60.3 41.1 57.8 23.9 39.1 15.0 91.5 48.2 75.5 0.0 22.1 52.0 48.7 74.1 67.7 78.7 48.3 50.2 33.2
64.0 43.2 40.0 51.2 2.9 34.7 36.1 94.9 67.3 60.5 22.1 0.0 61.1 29.9 77.8 88.6 84.0 50.0 69.4 40.3
37.2 65.6 27.6 39.5 60.1 34.5 57.9 41.7 34.8 68.9 52.0 61.1 0.0 64.1 25.5 56.1 27.7 19.5 35.4 20.8
81.8 13.7 36.5 35.0 27.1 29.5 63.7 85.7 83.6 32.0 48.7 29.9 64.1 0.0 70.9 107.0 78.6 46.1 85.4 46.9
62.0 67.3 38.0 37.3 76.1 44.4 82.1 17.4 58.7 63.6 74.1 77.8 25.5 70.9 0.0 77.4 7.9 27.8 58.9 40.8
25.2 113.6 76.6 93.4 89.5 81.5 59.5 88.3 23.7 121.7 67.7 88.6 56.1 107.0 77.4 0.0 75.0 73.1 22.2 62.2
61.9 75.3 44.8 45.2 82.5 51.4 85.6 14.3 58.2 71.5 78.7 84.0 27.7 78.6 7.9 75.0 0.0 34.3 58.1 45.7
50.9 46.3 10.4 20.4 48.2 17.3 58.7 44.9 50.0 49.6 48.3 50.0 19.5 46.1 27.8 73.1 34.3 0.0 51.2 16.6
7.0 91.6 54.3 71.3 69.9 59.3 45.9 72.2 2.0 99.5 50.2 69.4 35.4 85.4 58.9 22.2 58.1 51.2 0.0 40.0
38.0 51.6 14.8 33.3 39.3 19.2 42.3 58.2 38.5 59.9 33.2 40.3 20.8 46.9 40.8 62.2 45.7 16.6 40.0 0.0
0         734      
346       389      
296       344      
138       179      
226       269      
112       151      
662       694      
427       490      
515       570      
155       198      
262       298      
258       307      
64        98       
203       239      
575       624      
12        32       
437       481      
107       135      
0         14       
76        109      
