20
0.0 79.4 78.6 70.0 48.4 77.5 102.4 43.5 71.2 7.3 69.3 80.1 55.5 56.2 82.0 10.0 80.8 54.8 44.1 78.1
79.4 0.0 65.2 51.4 60.3 66.6 44.0 39.0 8.2 86.6 71.3 14.1 99.4 32.1 37.7 79.1 57.7 28.6 81.1 102.4
78.6 65.2 0.0 14.6 30.1 2.2 45.2 48.9 62.7 82.8 13.9 52.5 55.0 40.6 30.5 70.7 9.3 47.0 44.3 43.5
70.0 51.4 14.6 0.0 23.7 15.5 39.7 35.5 48.3 75.1 20.8 39.3 58.0 26.1 20.5 63.3 11.3 32.5 43.4 53.0
48.4 60.3 30.1 23.7 0.0 29.0 62.1 27.6 54.3 52.7 22.2 52.3 39.4 28.1 41.5 40.6 33.2 32.9 21.9 44.9
77.5 66.6 2.2 15.5 29.0 0.0 47.5 49.0 63.8 81.5 11.7 54.0 52.8 41.2 32.4 69.4 11.5 47.6 42.4 41.3
102.4 44.0 45.2 39.7 62.1 47.5 0.0 59.9 47.7 108.7 58.0 31.2 97.6 46.6 20.9 97.9 36.0 49.8 83.0 88.8
43.5 39.0 48.9 35.5 27.6 49.0 59.9 0.0 31.4 50.3 47.0 36.9 63.2 13.2 40.5 41.1 46.7 11.4 44.7 72.5
71.2 8.2 62.7 48.3 54.3 63.8 47.7 31.4 0.0 78.5 67.3 16.4 93.0 26.2 37.8 71.1 56.0 21.8 74.6 97.6
7.3 86.6 82.8 75.1 52.7 81.5 108.7 50.3 78.5 0.0 72.7 87.0 54.5 62.8 88.1 12.1 85.6 61.7 45.4 78.6
69.3 71.3 13.9 20.8 22.2 11.7 58.0 47.0 67.3 72.7 0.0 60.0 41.1 42.3 40.8 60.6 22.2 48.4 31.2 32.1
80.1 14.1 52.5 39.3 52.3 54.0 31.2 36.9 16.4 87.0 60.0 0.0 91.7 26.1 23.8 78.0 44.4 25.4 74.1 91.8
55.5 99.4 55.0 58.0 39.4 52.8 97.6 63.2 93.0 54.5 41.1 91.7 0.0 67.2 78.3 45.5 62.9 71.2 18.5 26.5
56.2 32.1 40.6 26.1 28.1 41.2 46.6 13.2 26.2 62.8 42.3 26.1 67.2 0.0 27.4 52.8 36.4 6.3 49.0 71.5
82.0 37.7 30.5 20.5 41.5 32.4 20.9 40.5 37.8 88.1 40.8 23.8 78.3 27.4 0.0 77.2 21.6 31.8 62.8 72.9
10.0 79.1 70.7 63.3 40.6 69.4 97.9 41.1 71.1 12.1 60.6 78.0 45.5 52.8 77.2 0.0 73.7 52.6 34.2 68.1
80.8 57.7 9.3 11.3 33.2 11.5 36.0 46.7 56.0 85.6 22.2 44.4 62.9 36.4 21.6 73.7 0.0 42.6 50.5 52.8
54.8 28.6 47.0 32.5 32.9 47.6 49.8 11.4 21.8 61.7 48.4 25.4 71.2 6.3 31.8 52.6 42.6 0.0 52.8 77.0
44.1 81.1 44.3 43.4 21.9 42.4 83.0 44.7 74.6 45.4 31.2 74.1 18.5 49.0 62.8 34.2 50.5 52.8 0.0 34.3
78.1 102.4 43.5 53.0 44.9 41.3 88.8 72.5 97.6 78.6 32.1 91.8 26.5 71.5 72.9 68.1 52.8 77.0 34.3 0.0
0         667      
222       261      
90        109      
64        113      
38        85       
337       354      
264       307      
207       234      
168       180      
422       459      
505       537      
132       173      
536       564      
368       384      
110       143      
0         22       
108       131      
187       214      
14        62       
579       588      
