20
0.0 68.3 58.0 22.5 55.2 43.7 58.8 75.6 15.9 60.7 88.8 50.6 51.5 26.6 43.5 72.7 45.2 72.3 53.1 22.5
68.3 0.0 25.4 61.4 41.1 27.8 62.7 32.3 77.4 27.0 95.9 37.5 72.7 54.5 53.4 8.8 50.2 5.6 19.3 46.0
58.0 25.4 0.0 60.0 15.7 15.8 37.3 18.2 71.1 3.4 70.7 13.0 48.3 54.8 61.2 34.2 59.1 30.9 10.7 36.5
22.5 61.4 60.0 0.0 63.2 44.2 73.1 78.2 19.1 63.3 106.4 57.4 69.5 7.3 21.9 63.3 24.3 63.9 51.8 25.8
55.2 41.1 15.7 63.2 0.0 23.0 21.6 24.2 70.2 14.8 55.6 6.1 33.3 59.4 69.4 49.9 67.9 46.7 24.1 37.5
43.7 27.8 15.8 44.2 23.0 0.0 41.6 34.0 55.8 19.1 77.2 17.0 47.8 39.1 46.8 34.9 45.1 33.0 9.6 21.4
58.8 62.7 37.3 73.1 21.6 41.6 0.0 41.6 74.8 36.2 35.7 25.7 15.8 71.3 84.2 71.4 83.5 68.3 45.0 48.2
75.6 32.3 18.2 78.2 24.2 34.0 41.6 0.0 89.1 15.1 68.7 26.2 56.0 72.8 78.1 40.4 75.7 36.6 27.2 54.6
15.9 77.4 71.1 19.1 70.2 55.8 74.8 89.1 0.0 74.0 104.4 65.1 67.2 26.1 40.3 80.4 43.1 80.6 64.7 34.5
60.7 27.0 3.4 63.3 14.8 19.1 36.2 15.1 74.0 0.0 68.8 13.5 48.0 58.2 64.7 35.9 62.5 32.5 13.9 39.5
88.8 95.9 70.7 106.4 55.6 77.2 35.7 68.7 104.4 68.8 0.0 60.7 37.2 105.5 119.4 104.8 118.8 101.3 79.7 82.7
50.6 37.5 13.0 57.4 6.1 17.0 25.7 26.2 65.1 13.5 60.7 0.0 35.3 53.4 63.2 46.1 61.8 43.1 19.3 31.8
51.5 72.7 48.3 69.5 33.3 47.8 15.8 56.0 67.2 48.0 37.2 35.3 0.0 69.3 84.2 81.1 84.1 78.3 53.7 47.2
26.6 54.5 54.8 7.3 59.4 39.1 71.3 72.8 26.1 58.2 105.5 53.4 69.3 0.0 17.0 56.0 18.7 56.8 46.0 23.1
43.5 53.4 61.2 21.9 69.4 46.8 84.2 78.1 40.3 64.7 119.4 63.2 84.2 17.0 0.0 52.2 3.5 54.0 51.0 37.0
72.7 8.8 34.2 63.3 49.9 34.9 71.4 40.4 80.4 35.9 104.8 46.1 81.1 56.0 52.2 0.0 48.8 3.8 27.3 51.0
45.2 50.2 59.1 24.3 67.9 45.1 83.5 75.7 43.1 62.5 118.8 61.8 84.1 18.7 3.5 48.8 0.0 50.7 48.7 36.9
72.3 5.6 30.9 63.9 46.7 33.0 68.3 36.6 80.6 32.5 101.3 43.1 78.3 56.8 54.0 3.8 50.7 0.0 24.8 50.2
53.1 19.3 10.7 51.8 24.1 9.6 45.0 27.2 64.7 13.9 79.7 19.3 53.7 46.0 51.0 27.3 48.7 24.8 0.0 30.6
22.5 46.0 36.5 25.8 37.5 21.4 48.2 54.6 34.5 39.5 82.7 31.8 47.2 23.1 37.0 51.0 36.9 50.2 30.6 0.0
0         732      
248       289      
143       194      
0         30       
326       349      
144       184      
553       570      
208       253      
12        51       
220       241      
374       402      
179       244      
329       387      
86        105      
628       688      
271       284      
105       148      
496       523      
170       210      
63        91       
