40
0.0 60.8 36.8 33.1 33.5 13.8 14.2 10.1 53.4 51.5 6.2 12.6 27.6 76.6 71.2 36.9 33.8 40.0 17.3 12.6 21.8 34.3 44.7 67.3 46.5 23.2 59.8 23.9 67.7 28.0 71.5 45.1 21.9 46.3 45.1 46.2 9.6 18.7 15.3 29.7
60.8 0.0 97.4 41.8 94.4 74.6 54.8 55.7 89.2 75.9 59.8 48.9 71.0 63.8 14.1 77.3 52.9 77.3 44.5 70.9 71.2 89.1 43.5 67.4 78.6 39.9 3.3 50.7 7.4 88.8 21.3 70.4 39.2 46.1 50.0 46.7 57.5 79.6 75.4 69.0
36.8 97.4 0.0 63.5 5.9 23.6 44.3 42.2 62.9 70.3 39.5 49.3 45.6 99.1 108.0 50.7 63.7 54.7 54.0 30.2 32.7 31.2 77.4 86.1 62.0 58.2 96.6 56.2 104.0 12.1 108.1 58.0 58.7 73.0 75.7 72.7 40.5 18.3 22.0 49.6
33.1 41.8 63.5 0.0 62.3 45.1 20.0 23.4 82.4 75.7 36.5 28.4 57.3 44.9 55.6 66.3 51.7 68.5 27.8 45.8 32.3 67.5 54.0 38.7 73.5 13.9 42.7 42.5 46.4 58.4 60.3 29.5 24.7 14.1 58.1 14.3 24.7 48.5 42.6 57.8
33.5 94.4 5.9 62.3 0.0 19.8 42.6 40.1 57.0 64.4 35.4 45.8 39.8 99.9 104.5 44.8 58.5 48.8 50.4 25.5 33.1 25.3 72.4 87.4 56.1 55.8 93.4 51.4 101.2 6.6 104.2 59.7 55.3 72.7 70.4 72.5 38.4 14.8 19.8 43.9
13.8 74.6 23.6 45.1 19.8 0.0 25.1 21.7 51.0 53.4 15.8 25.9 27.5 86.3 84.7 35.4 41.5 39.2 30.5 8.2 22.8 24.9 54.5 75.5 46.5 36.7 73.5 33.1 81.5 14.2 84.5 50.1 35.5 57.1 53.5 56.9 20.3 5.3 6.6 31.0
14.2 54.8 44.3 20.0 42.6 25.1 0.0 4.1 67.1 63.5 19.2 16.4 41.3 62.4 66.9 50.5 42.6 53.4 19.3 26.6 17.0 48.2 50.1 53.1 59.5 14.8 54.5 32.2 60.8 38.5 69.1 32.5 20.7 32.3 52.2 32.2 4.8 28.5 22.8 42.8
10.1 55.7 42.2 23.4 40.1 21.7 4.1 0.0 63.0 59.7 15.1 13.5 37.2 66.4 67.4 46.4 39.3 49.3 17.1 22.6 17.8 44.3 47.8 57.2 55.5 16.0 55.2 28.9 62.1 35.5 69.0 36.2 19.5 36.2 49.4 36.1 1.7 25.6 20.3 38.8
53.4 89.2 62.9 82.4 57.0 51.0 67.1 63.0 0.0 16.3 47.8 54.0 25.8 127.3 91.9 16.5 36.3 13.8 55.0 43.9 72.9 31.7 47.3 119.8 10.5 68.9 86.4 41.5 96.4 51.7 86.4 98.5 59.4 96.6 41.1 96.7 62.8 53.5 57.6 24.5
51.5 75.9 70.3 75.7 64.4 53.4 63.5 59.7 16.3 0.0 45.4 48.2 25.9 120.1 77.3 19.6 25.0 15.6 47.9 45.3 73.0 40.9 32.7 114.3 8.9 61.8 73.0 33.2 83.0 58.2 71.1 96.0 51.3 89.8 26.2 90.1 60.0 57.2 59.9 22.5
6.2 59.8 39.5 36.5 35.4 15.8 19.2 15.1 47.8 45.4 0.0 11.0 22.0 80.8 69.2 31.3 27.9 34.2 15.3 11.1 28.0 31.6 39.6 72.2 40.5 24.9 58.5 18.3 66.9 29.3 68.7 51.0 20.6 50.2 39.4 50.2 15.0 21.2 19.4 23.8
12.6 48.9 49.3 28.4 45.8 25.9 16.4 13.5 54.0 48.2 11.0 0.0 29.0 73.3 58.7 37.9 26.2 40.1 4.6 22.1 31.0 42.1 34.2 66.2 45.3 15.2 47.7 15.8 55.9 39.9 58.9 48.6 9.6 42.6 35.9 42.7 14.7 31.1 27.9 29.4
27.6 71.0 45.6 57.3 39.8 27.5 41.3 37.2 25.8 25.9 22.0 29.0 0.0 102.2 77.1 9.2 21.7 12.4 31.0 19.5 47.9 20.6 36.4 94.1 19.3 44.2 68.9 20.3 78.4 33.4 73.8 72.8 36.0 71.4 32.6 71.5 37.0 31.3 34.0 4.1
76.6 63.8 99.1 44.9 99.9 86.3 62.4 66.4 127.3 120.1 80.8 73.3 102.2 0.0 76.5 111.2 95.5 113.5 72.5 89.0 66.7 110.5 94.8 15.0 118.4 58.5 66.6 87.0 62.9 97.8 85.1 42.3 68.8 30.8 100.1 30.7 67.2 88.4 82.1 102.8
71.2 14.1 108.0 55.6 104.5 84.7 66.9 67.4 91.9 77.3 69.2 58.7 77.1 76.5 0.0 82.1 56.8 81.4 54.1 80.0 83.7 96.4 44.7 81.2 81.5 52.1 12.8 57.1 13.7 98.6 9.6 84.4 49.3 60.3 51.0 60.9 69.2 89.9 86.3 74.5
36.9 77.3 50.7 66.3 44.8 35.4 50.5 46.4 16.5 19.6 31.3 37.9 9.2 111.2 82.1 0.0 25.2 4.0 39.5 27.8 56.7 21.6 39.0 103.4 11.4 53.1 74.9 27.2 84.7 38.7 77.9 82.0 44.2 80.4 34.0 80.5 46.3 38.6 42.0 8.7
33.8 52.9 63.7 51.7 58.5 41.5 42.6 39.3 36.3 25.0 27.9 26.2 21.7 95.5 56.8 25.2 0.0 24.6 24.5 33.7 55.5 42.3 14.7 90.5 25.9 37.8 50.2 10.3 60.2 51.8 52.6 74.7 26.9 65.6 12.0 65.8 40.2 46.6 46.7 18.3
40.0 77.3 54.7 68.5 48.8 39.2 53.4 49.3 13.8 15.6 34.2 40.1 12.4 113.5 81.4 4.0 24.6 0.0 41.3 31.5 60.3 25.3 37.6 106.0 7.4 55.1 74.8 28.2 84.7 42.8 76.8 85.2 45.8 82.7 32.2 82.8 49.3 42.5 45.9 10.7
17.3 44.5 54.0 27.8 50.4 30.5 19.3 17.1 55.0 47.9 15.3 4.6 31.0 72.5 54.1 39.5 24.5 41.3 0.0 26.4 34.9 45.6 30.8 66.3 45.8 14.0 43.2 14.7 51.6 44.5 54.2 50.5 5.4 41.9 33.1 42.1 18.5 35.8 32.6 30.7
12.6 70.9 30.2 45.8 25.5 8.2 26.6 22.6 43.9 45.3 11.1 22.1 19.5 89.0 80.0 27.8 33.7 31.5 26.4 0.0 29.0 21.7 47.2 79.2 38.7 35.4 69.5 26.0 78.0 19.0 79.1 55.3 31.7 58.8 45.7 58.8 21.7 12.9 14.5 22.8
21.8 71.2 32.7 32.3 33.1 22.8 17.0 17.8 72.9 73.0 28.0 31.0 47.9 66.7 83.7 56.7 55.5 60.3 34.9 29.0 0.0 47.5 65.2 54.5 67.2 31.6 71.2 45.3 76.9 31.4 86.1 27.6 37.3 40.4 66.3 40.0 16.4 22.8 16.8 50.7
34.3 89.1 31.2 67.5 25.3 24.9 48.2 44.3 31.7 40.9 31.6 42.1 20.6 110.5 96.4 21.6 42.3 25.3 45.6 21.7 47.5 0.0 57.0 100.3 32.1 56.5 87.2 39.3 96.4 20.5 93.8 75.1 51.1 80.5 53.2 80.5 43.4 25.1 30.8 24.4
44.7 43.5 77.4 54.0 72.4 54.5 50.1 47.8 47.3 32.7 39.6 34.2 36.4 94.8 44.7 39.0 14.7 37.6 30.8 47.2 65.2 57.0 0.0 92.1 36.9 41.3 40.4 21.4 50.4 65.8 39.2 80.5 30.6 66.7 6.5 67.1 49.0 59.8 59.0 32.8
67.3 67.4 86.1 38.7 87.4 75.5 53.1 57.2 119.8 114.3 72.2 66.2 94.1 15.0 81.2 103.4 90.5 106.0 66.3 79.2 54.5 100.3 92.1 0.0 111.5 52.6 69.8 81.1 68.2 85.9 88.8 28.4 63.5 25.3 96.6 24.9 57.7 76.9 70.6 95.3
46.5 78.6 62.0 73.5 56.1 46.5 59.5 55.5 10.5 8.9 40.5 45.3 19.3 118.4 81.5 11.4 25.9 7.4 45.8 38.7 67.2 32.1 36.9 111.5 0.0 59.8 75.9 31.8 85.9 50.1 76.0 91.6 49.9 87.7 30.8 87.9 55.6 49.9 53.1 16.7
23.2 39.9 58.2 13.9 55.8 36.7 14.8 16.0 68.9 61.8 24.9 15.2 44.2 58.5 52.1 53.1 37.8 55.1 14.0 35.4 31.6 56.5 41.3 52.6 59.8 0.0 39.7 28.6 46.1 50.9 54.7 39.5 11.0 28.0 44.9 28.2 17.7 41.1 36.2 44.4
59.8 3.3 96.6 42.7 93.4 73.5 54.5 55.2 86.4 73.0 58.5 47.7 68.9 66.6 12.8 74.9 50.2 74.8 43.2 69.5 71.2 87.2 40.4 69.8 75.9 39.7 0.0 48.5 10.0 87.6 18.9 71.6 38.1 47.9 47.0 48.5 57.0 78.6 74.6 66.7
23.9 50.7 56.2 42.5 51.4 33.1 32.2 28.9 41.5 33.2 18.3 15.8 20.3 87.0 57.1 27.2 10.3 28.2 14.7 26.0 45.3 39.3 21.4 81.1 31.8 28.6 48.5 0.0 58.1 44.9 54.6 64.4 18.2 56.6 21.1 56.8 29.8 38.4 37.6 18.6
67.7 7.4 104.0 46.4 101.2 81.5 60.8 62.1 96.4 83.0 66.9 55.9 78.4 62.9 13.7 84.7 60.2 84.7 51.6 78.0 76.9 96.4 50.4 68.2 85.9 46.1 10.0 58.1 0.0 95.7 23.0 73.9 46.3 48.7 57.0 49.4 63.8 86.4 82.0 76.4
28.0 88.8 12.1 58.4 6.6 14.2 38.5 35.5 51.7 58.2 29.3 39.9 33.4 97.8 98.6 38.7 51.8 42.8 44.5 19.0 31.4 20.5 65.8 85.9 50.1 50.9 87.6 44.9 95.7 0.0 98.0 58.8 49.5 69.6 63.8 69.4 34.0 9.9 15.9 37.4
71.5 21.3 108.1 60.3 104.2 84.5 69.1 69.0 86.4 71.1 68.7 58.9 73.8 85.1 9.6 77.9 52.6 76.8 54.2 79.1 86.1 93.8 39.2 88.8 76.0 54.7 18.9 54.6 23.0 98.0 0.0 89.7 49.9 66.6 45.2 67.2 70.7 89.8 86.8 70.8
45.1 70.4 58.0 29.5 59.7 50.1 32.5 36.2 98.5 96.0 51.0 48.6 72.8 42.3 84.4 82.0 74.7 85.2 50.5 55.3 27.6 75.1 80.5 28.4 91.6 39.5 71.6 64.4 73.9 58.8 89.7 0.0 49.9 26.0 83.6 25.4 36.0 50.5 44.4 74.8
21.9 39.2 58.7 24.7 55.3 35.5 20.7 19.5 59.4 51.3 20.6 9.6 36.0 68.8 49.3 44.2 26.9 45.8 5.4 31.7 37.3 51.1 30.6 63.5 49.9 11.0 38.1 18.2 46.3 49.5 49.9 49.9 0.0 38.6 33.9 38.9 21.1 40.6 37.0 35.4
46.3 46.1 73.0 14.1 72.7 57.1 32.3 36.2 96.6 89.8 50.2 42.6 71.4 30.8 60.3 80.4 65.6 82.7 41.9 58.8 40.4 80.5 66.7 25.3 87.7 28.0 47.9 56.6 48.7 69.6 66.6 26.0 38.6 0.0 71.3 0.6 37.2 59.8 53.7 72.0
45.1 50.0 75.7 58.1 70.4 53.5 52.2 49.4 41.1 26.2 39.4 35.9 32.6 100.1 51.0 34.0 12.0 32.2 33.1 45.7 66.3 53.2 6.5 96.6 30.8 44.9 47.0 21.1 57.0 63.8 45.2 83.6 33.9 71.3 0.0 71.7 50.5 58.6 58.5 28.8
46.2 46.7 72.7 14.3 72.5 56.9 32.2 36.1 96.7 90.1 50.2 42.7 71.5 30.7 60.9 80.5 65.8 82.8 42.1 58.8 40.0 80.5 67.1 24.9 87.9 28.2 48.5 56.8 49.4 69.4 67.2 25.4 38.9 0.6 71.7 0.0 37.1 59.6 53.4 72.1
9.6 57.5 40.5 24.7 38.4 20.3 4.8 1.7 62.8 60.0 15.0 14.7 37.0 67.2 69.2 46.3 40.2 49.3 18.5 21.7 16.4 43.4 49.0 57.7 55.6 17.7 57.0 29.8 63.8 34.0 70.7 36.0 21.1 37.2 50.5 37.1 0.0 24.0 18.6 38.8
18.7 79.6 18.3 48.5 14.8 5.3 28.5 25.6 53.5 57.2 21.2 31.1 31.3 88.4 89.9 38.6 46.6 42.5 35.8 12.9 22.8 25.1 59.8 76.9 49.9 41.1 78.6 38.4 86.4 9.9 89.8 50.5 40.6 59.8 58.6 59.6 24.0 0.0 6.3 35.0
15.3 75.4 22.0 42.6 19.8 6.6 22.8 20.3 57.6 59.9 19.4 27.9 34.0 82.1 86.3 42.0 46.7 45.9 32.6 14.5 16.8 30.8 59.0 70.6 53.1 36.2 74.6 37.6 82.0 15.9 86.8 44.4 37.0 53.7 58.5 53.4 18.6 6.3 0.0 37.4
29.7 69.0 49.6 57.8 43.9 31.0 42.8 38.8 24.5 22.5 23.8 29.4 4.1 102.8 74.5 8.7 18.3 10.7 30.7 22.8 50.7 24.4 32.8 95.3 16.7 44.4 66.7 18.6 76.4 37.4 70.8 74.8 35.4 72.0 28.8 72.1 38.8 35.0 37.4 0.0
0         997      
226       241      
415       435      
28        54       
945       963      
338       372      
3         27       
307       327      
614       645      
599       619      
284       317      
272       305      
501       509      
128       141      
213       236      
469       482      
576       597      
476       502      
525       546      
373       385      
321       341      
445       454      
557       580      
67        87       
894       906      
17        31       
196       229      
510       539      
194       205      
381       411      
710       718      
797       819      
275       289      
97        118      
662       677      
47        63       
0         20       
398       419      
342       368      
472       488      
