40
0.0 76.1 38.3 37.1 16.1 36.5 76.7 40.8 69.8 48.6 25.6 68.5 23.3 43.9 56.6 36.9 44.3 48.1 6.3 34.2 46.4 30.6 59.6 64.5 78.6 30.9 16.0 44.3 25.5 80.7 72.6 39.2 92.4 54.4 26.9 76.0 62.8 23.3 44.1 52.0
76.1 0.0 65.2 51.4 60.3 66.6 44.0 39.0 8.2 86.6 71.3 14.1 99.4 32.1 37.7 79.1 57.7 28.6 81.1 102.4 79.4 98.6 40.4 39.7 30.3 99.5 68.7 59.3 95.9 51.4 45.2 58.8 44.1 70.8 84.8 15.4 29.8 56.6 67.7 28.7
38.3 65.2 0.0 14.6 30.1 2.2 45.2 48.9 62.7 82.8 13.9 52.5 55.0 40.6 30.5 70.7 9.3 47.0 44.3 43.5 78.6 68.8 71.3 75.4 52.9 68.9 47.6 67.9 40.6 46.9 84.6 63.1 98.4 16.4 64.2 57.4 39.5 21.8 6.1 55.1
37.1 51.4 14.6 0.0 23.7 15.5 39.7 35.5 48.3 75.1 20.8 39.3 58.0 26.1 20.5 63.3 11.3 32.5 43.4 53.0 70.0 67.3 57.5 61.4 43.6 67.7 41.4 56.7 48.0 43.6 70.6 52.3 83.8 26.8 59.5 45.2 28.4 14.4 19.0 40.7
16.1 60.3 30.1 23.7 0.0 29.0 62.1 27.6 54.3 52.7 22.2 52.3 39.4 28.1 41.5 40.6 33.2 32.9 21.9 44.9 48.4 44.3 48.9 53.6 62.9 44.8 17.9 39.3 37.2 66.8 62.4 34.2 80.4 46.4 35.8 59.8 47.1 9.3 36.3 38.0
36.5 66.6 2.2 15.5 29.0 0.0 47.5 49.0 63.8 81.5 11.7 54.0 52.8 41.2 32.4 69.4 11.5 47.6 42.4 41.3 77.5 66.8 71.4 75.6 55.0 66.9 46.3 67.2 38.3 49.2 84.8 62.4 99.0 18.0 62.5 59.1 41.3 21.0 7.6 55.5
76.7 44.0 45.2 39.7 62.1 47.5 0.0 59.9 47.7 108.7 58.0 31.2 97.6 46.6 20.9 97.9 36.0 49.8 83.0 88.8 102.4 106.4 75.0 76.6 14.9 106.9 78.6 84.9 85.6 7.5 84.4 81.9 87.9 39.9 97.1 28.9 19.4 53.5 43.4 56.9
40.8 39.0 48.9 35.5 27.6 49.0 59.9 0.0 31.4 50.3 47.0 36.9 63.2 13.2 40.5 41.1 46.7 11.4 44.7 72.5 43.5 59.8 22.5 26.9 54.0 60.7 30.3 25.0 64.6 66.6 36.0 22.3 52.9 62.4 45.8 44.8 40.7 29.6 54.2 11.4
69.8 8.2 62.7 48.3 54.3 63.8 47.7 31.4 0.0 78.5 67.3 16.4 93.0 26.2 37.8 71.1 56.0 21.8 74.6 97.6 71.2 91.2 32.5 32.1 35.3 92.1 61.5 51.1 90.8 55.2 38.3 50.7 40.4 70.1 77.1 21.0 31.1 51.7 65.8 20.7
48.6 86.6 82.8 75.1 52.7 81.5 108.7 50.3 78.5 0.0 72.7 87.0 54.5 62.8 88.1 12.1 85.6 61.7 45.4 78.6 7.3 34.6 49.4 52.8 104.2 35.7 35.2 27.4 70.2 114.8 55.4 28.1 77.2 99.2 23.5 94.9 90.2 61.7 88.9 58.2
25.6 71.3 13.9 20.8 22.2 11.7 58.0 47.0 67.3 72.7 0.0 60.0 41.1 42.3 40.8 60.6 22.2 48.4 31.2 32.1 69.3 55.5 69.4 73.9 63.9 55.6 37.5 61.6 27.7 60.3 83.0 56.4 99.2 29.0 52.4 66.0 49.2 17.4 18.9 55.5
68.5 14.1 52.5 39.3 52.3 54.0 31.2 36.9 16.4 87.0 60.0 0.0 91.7 26.1 23.8 78.0 44.4 25.4 74.1 91.8 80.1 93.9 45.9 46.7 19.5 94.7 63.9 60.6 85.9 38.8 53.8 58.9 56.8 56.9 81.3 8.0 15.6 47.0 54.4 29.6
23.3 99.4 55.0 58.0 39.4 52.8 97.6 63.2 93.0 54.5 41.1 91.7 0.0 67.2 78.3 45.5 62.9 71.2 18.5 26.5 55.5 22.3 79.8 84.7 101.0 21.6 34.1 60.9 20.1 100.8 92.0 56.4 112.9 69.2 31.4 99.2 85.3 45.5 59.7 74.6
43.9 32.1 40.6 26.1 28.1 41.2 46.6 13.2 26.2 62.8 42.3 26.1 67.2 0.0 27.4 52.8 36.4 6.3 49.0 71.5 56.2 67.9 32.3 35.7 41.4 68.7 37.8 38.2 64.5 53.3 44.8 35.3 57.8 52.1 55.3 34.1 27.5 25.8 45.1 14.6
56.6 37.7 30.5 20.5 41.5 32.4 20.9 40.5 37.8 88.1 40.8 23.8 78.3 27.4 0.0 77.2 21.6 31.8 62.8 72.9 82.0 85.8 58.4 61.0 23.1 86.4 57.6 65.3 68.4 26.6 69.6 61.9 77.6 33.1 76.2 27.3 9.0 33.2 31.3 39.9
36.9 79.1 70.7 63.3 40.6 69.4 97.9 41.1 71.1 12.1 60.6 78.0 45.5 52.8 77.2 0.0 73.7 52.6 34.2 68.1 10.0 28.6 45.1 49.2 94.3 29.8 23.1 22.1 59.5 103.8 53.7 20.6 75.9 87.1 14.2 86.0 79.8 49.7 76.8 50.4
44.3 57.7 9.3 11.3 33.2 11.5 36.0 46.7 56.0 85.6 22.2 44.4 62.9 36.4 21.6 73.7 0.0 42.6 50.5 52.8 80.8 75.0 68.4 72.1 43.7 75.2 51.2 68.0 49.6 38.1 81.3 63.5 93.3 15.7 68.8 48.8 30.6 23.9 9.9 51.1
48.1 28.6 47.0 32.5 32.9 47.6 49.8 11.4 21.8 61.7 48.4 25.4 71.2 6.3 31.8 52.6 42.6 0.0 52.8 77.0 54.8 70.1 26.7 29.8 42.8 70.9 40.1 35.8 69.8 56.8 38.8 33.6 51.4 58.2 56.6 33.4 30.4 31.6 51.4 8.5
6.3 81.1 44.3 43.4 21.9 42.4 83.0 44.7 74.6 45.4 31.2 74.1 18.5 49.0 62.8 34.2 50.5 52.8 0.0 34.3 44.1 24.4 62.0 66.9 84.7 24.7 16.6 44.8 25.6 87.1 74.6 40.0 95.0 60.2 22.6 81.7 68.9 29.6 50.0 56.0
34.2 102.4 43.5 53.0 44.9 41.3 88.8 72.5 97.6 78.6 32.1 91.8 26.5 71.5 72.9 68.1 52.8 77.0 34.3 0.0 78.1 48.7 93.0 97.9 95.9 48.1 50.0 78.5 8.7 90.1 106.3 73.4 125.2 53.1 55.0 98.1 81.3 45.9 46.0 82.8
46.4 79.4 78.6 70.0 48.4 77.5 102.4 43.5 71.2 7.3 69.3 80.1 55.5 56.2 82.0 10.0 80.8 54.8 44.1 78.1 0.0 37.4 42.1 45.7 97.5 38.6 31.8 20.1 69.5 108.7 48.6 21.1 70.5 94.8 24.0 87.9 83.7 57.1 84.7 51.1
30.6 98.6 68.8 67.3 44.3 66.8 106.4 59.8 91.2 34.6 55.5 93.9 22.3 67.9 85.8 28.6 75.0 70.1 24.4 48.7 37.4 0.0 70.8 75.4 106.7 1.1 30.0 48.8 41.5 110.9 81.1 45.6 103.1 84.5 15.5 101.8 91.1 53.0 74.3 70.9
59.6 40.4 71.3 57.5 48.9 71.4 75.0 22.5 32.5 49.4 69.4 45.9 79.8 32.3 58.4 45.1 68.4 26.7 62.0 93.0 42.1 70.8 0.0 4.9 65.4 71.9 45.6 22.9 84.7 82.3 13.6 25.2 33.1 84.1 55.3 52.5 55.8 52.1 76.5 18.5
64.5 39.7 75.4 61.4 53.6 75.6 76.6 26.9 32.1 52.8 73.9 46.7 84.7 35.7 61.0 49.2 72.1 29.8 66.9 97.9 45.7 75.4 4.9 0.0 66.2 76.5 50.6 27.1 89.6 84.0 9.2 29.8 28.2 87.7 59.9 52.8 57.6 56.5 80.3 21.3
78.6 30.3 52.9 43.6 62.9 55.0 14.9 54.0 35.3 104.2 63.9 19.5 101.0 41.4 23.1 94.3 43.7 42.8 84.7 95.9 97.5 106.7 65.4 66.2 0.0 107.4 77.4 78.6 91.5 21.6 73.3 76.4 74.5 51.4 95.7 14.8 15.7 55.4 52.6 48.4
30.9 99.5 68.9 67.7 44.8 66.9 106.9 60.7 92.1 35.7 55.6 94.7 21.6 68.7 86.4 29.8 75.2 70.9 24.7 48.1 38.6 1.1 71.9 76.5 107.4 0.0 30.9 50.0 41.0 111.3 82.3 46.7 104.2 84.6 16.7 102.6 91.7 53.5 74.5 71.8
16.0 68.7 47.6 41.4 17.9 46.3 78.6 30.3 61.5 35.2 37.5 63.9 34.1 37.8 57.6 23.1 51.2 40.1 16.6 50.0 31.8 30.0 45.6 50.6 77.4 30.9 0.0 28.5 41.3 83.8 58.1 23.5 78.7 64.0 18.5 71.8 62.0 27.2 53.8 41.7
44.3 59.3 67.9 56.7 39.3 67.2 84.9 25.0 51.1 27.4 61.6 60.6 60.9 38.2 65.3 22.1 68.0 35.8 44.8 78.5 20.1 48.8 22.9 27.1 78.6 50.0 28.5 0.0 69.8 91.6 32.2 5.2 54.2 83.2 33.3 68.2 65.7 46.2 73.8 31.2
25.5 95.9 40.6 48.0 37.2 38.3 85.6 64.6 90.8 70.2 27.7 85.9 20.1 64.5 68.4 59.5 49.6 69.8 25.6 8.7 69.5 41.5 84.7 89.6 91.5 41.0 41.3 69.8 0.0 87.6 97.9 64.8 117.1 52.5 46.6 92.6 76.5 39.3 44.1 75.2
80.7 51.4 46.9 43.6 66.8 49.2 7.5 66.6 55.2 114.8 60.3 38.8 100.8 53.3 26.6 103.8 38.1 56.8 87.1 90.1 108.7 110.9 82.3 84.0 21.6 111.3 83.8 91.6 87.6 0.0 91.9 88.4 95.3 38.9 102.3 36.1 26.5 57.8 44.1 64.1
72.6 45.2 84.6 70.6 62.4 84.8 84.4 36.0 38.3 55.4 83.0 53.8 92.0 44.8 69.6 53.7 81.3 38.8 74.6 106.3 48.6 81.1 13.6 9.2 73.3 82.3 58.1 32.2 97.9 91.9 0.0 35.9 22.1 97.0 65.5 59.3 65.8 65.7 89.6 30.3
39.2 58.8 63.1 52.3 34.2 62.4 81.9 22.3 50.7 28.1 56.4 58.9 56.4 35.3 61.9 20.6 63.5 33.6 40.0 73.4 21.1 45.6 25.2 29.8 76.4 46.7 23.5 5.2 64.8 88.4 35.9 0.0 57.6 78.5 30.0 66.7 62.9 41.3 69.0 30.2
92.4 44.1 98.4 83.8 80.4 99.0 87.9 52.9 40.4 77.2 99.2 56.8 112.9 57.8 77.6 75.9 93.3 51.4 95.0 125.2 70.5 103.1 33.1 28.2 74.5 104.2 78.7 54.2 117.1 95.3 22.1 57.6 0.0 108.4 87.5 59.6 71.5 81.9 102.6 43.7
54.4 70.8 16.4 26.8 46.4 18.0 39.9 62.4 70.1 99.2 29.0 56.9 69.2 52.1 33.1 87.1 15.7 58.2 60.2 53.1 94.8 84.5 84.1 87.7 51.4 84.6 64.0 83.2 52.5 38.9 97.0 78.5 108.4 0.0 80.5 59.9 41.7 37.7 10.3 66.7
26.9 84.8 64.2 59.5 35.8 62.5 97.1 45.8 77.1 23.5 52.4 81.3 31.4 55.3 76.2 14.2 68.8 56.6 22.6 55.0 24.0 15.5 55.3 59.9 95.7 16.7 18.5 33.3 46.6 102.3 65.5 30.0 87.5 80.5 0.0 89.3 80.4 45.2 70.2 56.5
76.0 15.4 57.4 45.2 59.8 59.1 28.9 44.8 21.0 94.9 66.0 8.0 99.2 34.1 27.3 86.0 48.8 33.4 81.7 98.1 87.9 101.8 52.5 52.8 14.8 102.6 71.8 68.2 92.6 36.1 59.3 66.7 59.6 59.9 89.3 0.0 18.3 54.1 58.6 37.1
62.8 29.8 39.5 28.4 47.1 41.3 19.4 40.7 31.1 90.2 49.2 15.6 85.3 27.5 9.0 79.8 30.6 30.4 68.9 81.3 83.7 91.1 55.8 57.6 15.7 91.7 62.0 65.7 76.5 26.5 65.8 62.9 71.5 41.7 80.4 18.3 0.0 39.7 40.3 37.5
23.3 56.6 21.8 14.4 9.3 21.0 53.5 29.6 51.7 61.7 17.4 47.0 45.5 25.8 33.2 49.7 23.9 31.6 29.6 45.9 57.1 53.0 52.1 56.5 55.4 53.5 27.2 46.2 39.3 57.8 65.7 41.3 81.9 37.7 45.2 54.1 39.7 0.0 27.8 38.3
44.1 67.7 6.1 19.0 36.3 7.6 43.4 54.2 65.8 88.9 18.9 54.4 59.7 45.1 31.3 76.8 9.9 51.4 50.0 46.0 84.7 74.3 76.5 80.3 52.6 74.5 53.8 73.8 44.1 44.1 89.6 69.0 102.6 10.3 70.2 58.6 40.3 27.8 0.0 59.7
52.0 28.7 55.1 40.7 38.0 55.5 56.9 11.4 20.7 58.2 55.5 29.6 74.6 14.6 39.9 50.4 51.1 8.5 56.0 82.8 51.1 70.9 18.5 21.3 48.4 71.8 41.7 31.2 75.2 64.1 30.3 30.2 43.7 66.7 56.5 37.1 37.5 38.3 59.7 0.0
0         1118     
358       386      
471       490      
575       587      
17        39       
499       521      
733       748      
612       630      
325       357      
170       177      
458       484      
349       378      
102       135      
425       436      
553       581      
169       191      
487       503      
393       407      
51        64       
902       918      
214       236      
75        100      
258       279      
635       657      
738       757      
131       148      
0         30       
820       848      
1070      1092     
994       1012     
265       290      
195       213      
296       315      
521       546      
69        80       
693       716      
709       724      
443       457      
476       492      
400       428      
