40
0.0 37.9 73.7 37.3 85.6 80.5 71.6 80.5 98.1 48.8 71.6 18.3 110.0 90.0 62.1 65.4 48.8 66.9 74.1 28.0 99.1 49.3 108.7 81.5 79.1 84.6 45.1 31.5 87.5 23.5 24.4 91.5 79.3 73.4 85.0 7.6 23.3 33.7 76.7 68.7
37.9 0.0 35.8 11.9 66.1 55.2 55.7 56.9 65.6 13.0 50.1 44.8 81.0 61.1 73.8 30.3 63.8 60.6 79.5 32.2 78.7 36.0 86.6 87.1 58.4 54.7 47.2 53.6 91.7 36.3 58.8 68.3 48.4 71.4 50.2 36.0 54.3 54.2 40.0 32.4
73.7 35.8 0.0 39.4 62.9 47.4 59.9 50.9 41.9 27.5 49.7 78.4 61.0 45.3 96.6 17.8 90.0 72.8 97.1 61.8 71.3 52.1 75.6 103.8 55.9 39.0 69.8 84.7 106.7 67.8 93.6 59.6 33.3 84.8 24.6 71.3 88.2 84.5 11.3 16.7
37.3 11.9 39.4 0.0 56.0 46.7 44.6 47.8 61.1 23.4 40.2 39.1 74.6 54.4 62.8 28.2 53.6 48.6 67.7 23.0 69.0 24.2 77.5 75.3 48.5 48.4 35.8 45.6 79.8 28.5 54.5 59.3 42.7 59.5 47.7 33.2 48.8 45.7 40.1 40.6
85.6 66.1 62.9 56.0 0.0 15.8 14.5 12.0 38.1 71.7 16.0 75.8 34.1 24.3 59.9 46.7 62.9 28.4 51.0 58.0 13.5 36.2 23.3 54.4 7.8 27.1 46.4 71.4 54.3 64.1 90.4 10.0 30.7 35.9 44.0 78.6 82.9 69.4 52.8 77.0
80.5 55.2 47.4 46.7 15.8 0.0 19.6 3.9 26.0 58.8 10.6 73.9 30.1 12.4 67.6 31.9 67.5 36.4 61.5 54.8 24.7 32.8 31.4 66.2 10.2 12.2 48.2 72.3 67.1 61.5 89.5 13.3 14.9 46.7 28.5 74.2 82.2 70.7 37.0 62.0
71.6 55.7 59.9 44.6 14.5 19.6 0.0 16.4 45.6 63.2 10.9 61.3 46.5 31.8 48.2 42.3 49.4 16.7 41.9 43.8 27.8 22.5 37.8 47.0 10.8 31.5 32.0 57.0 48.5 49.7 75.8 22.9 32.1 27.3 46.1 64.5 68.4 55.0 51.4 71.9
80.5 56.9 50.9 47.8 12.0 3.9 16.4 0.0 29.3 61.2 9.1 73.1 31.4 15.3 64.6 35.0 65.2 33.2 58.1 54.2 22.0 32.0 29.6 62.6 6.4 16.0 46.3 70.8 63.4 60.8 88.5 11.4 18.7 43.1 32.4 74.1 81.1 69.1 40.8 65.3
98.1 65.6 41.9 61.1 38.1 26.0 45.6 29.3 0.0 63.9 36.1 95.0 19.5 14.0 93.5 35.5 92.7 62.4 87.4 75.6 38.9 55.4 38.9 91.8 35.5 15.1 72.7 95.5 92.2 82.6 111.0 29.4 18.9 72.4 17.4 92.9 104.1 94.2 30.9 58.6
48.8 13.0 27.5 23.4 71.7 58.8 63.2 61.2 63.9 0.0 55.9 57.5 81.2 62.2 86.2 28.9 76.6 70.5 91.0 45.1 83.3 46.1 90.2 98.5 63.9 55.5 59.3 66.6 102.8 49.4 71.0 72.2 49.0 81.9 47.1 48.1 66.9 67.2 34.7 20.0
71.6 50.1 49.7 40.2 16.0 10.6 10.9 9.1 36.1 55.9 0.0 63.9 40.4 22.9 57.4 32.4 56.9 27.0 52.5 45.1 28.8 22.8 37.5 57.8 8.3 21.3 37.5 61.8 59.4 51.7 79.3 19.8 21.3 38.1 35.2 65.1 72.0 60.1 40.7 62.5
18.3 44.8 78.4 39.1 75.8 73.9 61.3 73.1 95.0 57.5 63.9 0.0 104.1 84.9 44.0 66.4 30.6 53.2 56.7 19.4 89.1 41.1 99.1 63.9 70.3 80.4 30.9 13.1 70.1 12.4 16.0 83.1 76.1 57.7 84.5 12.2 9.7 15.3 78.8 77.2
110.0 81.0 61.0 74.6 34.1 30.1 46.5 31.4 19.5 81.2 40.4 104.1 0.0 20.1 94.0 52.3 96.0 62.3 85.0 84.9 28.0 63.0 23.6 87.9 35.7 26.3 77.7 102.2 87.0 91.7 119.7 24.2 32.6 70.0 36.4 104.0 112.4 100.5 49.8 77.7
90.0 61.1 45.3 54.4 24.3 12.4 31.8 15.3 14.0 62.2 22.9 84.9 20.1 0.0 79.9 33.4 79.9 48.6 73.4 65.5 27.4 44.1 30.3 77.7 21.5 6.7 60.3 84.1 78.2 72.4 100.7 16.5 13.2 58.4 22.2 84.2 93.5 82.6 34.0 61.4
62.1 73.8 96.6 62.8 59.9 67.6 48.2 64.6 93.5 86.2 57.4 44.0 94.0 79.9 0.0 79.5 13.3 31.7 15.3 42.6 69.8 44.5 79.5 21.0 58.9 78.8 27.2 31.3 27.3 41.7 49.6 69.8 77.8 25.8 90.7 55.0 43.8 28.8 91.7 102.5
65.4 30.3 17.8 28.2 46.7 31.9 42.3 35.0 35.5 28.9 32.4 66.4 52.3 33.4 79.5 0.0 73.9 54.9 79.4 48.1 56.6 35.0 62.4 85.9 39.3 26.7 53.3 70.6 88.8 54.7 82.2 45.0 20.2 66.9 19.9 61.4 76.1 70.1 12.7 30.2
48.8 63.8 90.0 53.6 62.9 67.5 49.4 65.2 92.7 76.6 56.9 30.6 96.0 79.9 13.3 73.9 0.0 34.8 27.3 31.7 74.4 39.4 84.4 34.0 60.2 77.6 20.8 18.0 40.3 29.5 36.8 72.2 75.6 33.4 87.5 41.9 30.6 15.4 86.5 94.2
66.9 60.6 72.8 48.6 28.4 36.4 16.7 33.2 62.4 70.5 27.0 53.2 62.3 48.6 31.7 54.9 34.8 0.0 25.5 39.3 39.5 24.5 49.6 31.3 27.3 48.1 22.2 45.9 33.9 43.5 65.9 38.2 48.2 12.0 61.9 59.3 58.5 43.5 65.5 82.5
74.1 79.5 97.1 67.7 51.0 61.5 41.9 58.1 87.4 91.0 52.5 56.7 85.0 73.4 15.3 79.4 27.3 25.5 0.0 50.9 58.9 45.8 68.1 7.7 51.8 73.5 32.6 44.9 13.4 51.8 64.2 61.0 73.7 15.0 87.4 66.7 57.9 42.3 90.6 105.4
28.0 32.2 61.8 23.0 58.0 54.8 43.8 54.2 75.6 45.1 45.1 19.4 84.9 65.5 42.6 48.1 31.7 39.3 50.9 0.0 71.6 22.2 81.3 58.7 52.0 61.0 18.8 22.8 64.1 6.9 35.4 64.6 56.7 47.0 65.5 20.7 28.6 22.7 60.8 63.5
99.1 78.7 71.3 69.0 13.5 24.7 27.8 22.0 38.9 83.3 28.8 89.1 28.0 27.4 69.8 56.6 74.4 39.5 58.9 71.6 0.0 49.8 10.1 60.9 20.5 32.7 59.3 84.2 59.4 77.6 103.5 11.7 38.0 44.4 49.5 92.2 96.0 82.0 60.4 86.5
49.3 36.0 52.1 24.2 36.2 32.8 22.5 32.0 55.4 46.1 22.8 41.1 63.0 44.1 44.5 35.0 39.4 24.5 45.8 22.2 49.8 0.0 59.3 53.0 29.8 40.3 18.5 40.1 56.9 28.8 56.7 42.4 37.1 35.8 48.2 42.5 49.4 38.8 47.4 59.5
108.7 86.6 75.6 77.5 23.3 31.4 37.8 29.6 38.9 90.2 37.5 99.1 23.6 30.3 79.5 62.4 84.4 49.6 68.1 81.3 10.1 59.3 0.0 69.5 29.6 36.6 69.4 94.3 67.4 87.4 113.6 18.2 42.7 53.9 52.3 101.8 106.1 92.2 64.4 91.5
81.5 87.1 103.8 75.3 54.4 66.2 47.0 62.6 91.8 98.5 57.8 63.9 87.9 77.7 21.0 85.9 34.0 31.3 7.7 58.7 60.9 53.0 69.5 0.0 56.3 78.4 40.4 51.8 6.3 59.5 70.6 64.3 79.1 19.6 93.0 74.2 64.6 49.2 96.9 112.5
79.1 58.4 55.9 48.5 7.8 10.2 10.8 6.4 35.5 63.9 8.3 70.3 35.7 21.5 58.9 39.3 60.2 27.3 51.8 52.0 20.5 29.8 29.6 56.3 0.0 22.4 42.2 67.1 57.0 58.4 85.4 12.7 24.7 36.9 38.5 72.4 78.0 65.2 46.1 69.5
84.6 54.7 39.0 48.4 27.1 12.2 31.5 16.0 15.1 55.5 21.3 80.4 26.3 6.7 78.8 26.7 77.6 48.1 73.5 61.0 32.7 40.3 36.6 78.4 22.4 0.0 57.5 80.5 79.4 68.0 96.4 21.1 6.5 58.8 17.1 79.1 89.3 79.1 27.9 54.9
45.1 47.2 69.8 35.8 46.4 48.2 32.0 46.3 72.7 59.3 37.5 30.9 77.7 60.3 27.2 53.3 20.8 22.2 32.6 18.8 59.3 18.5 69.4 40.4 42.2 57.5 0.0 24.9 45.5 21.6 44.3 54.8 55.0 28.4 66.7 37.5 36.8 22.9 65.8 75.3
31.5 53.6 84.7 45.6 71.4 72.3 57.0 70.8 95.5 66.6 61.8 13.1 102.2 84.1 31.3 70.6 18.0 45.9 44.9 22.8 84.2 40.1 94.3 51.8 67.1 80.5 24.9 0.0 58.1 17.3 20.2 79.7 77.1 48.2 87.1 25.2 13.2 2.6 83.4 85.7
87.5 91.7 106.7 79.8 54.3 67.1 48.5 63.4 92.2 102.8 59.4 70.1 87.0 78.2 27.3 88.8 40.3 33.9 13.4 64.1 59.4 56.9 67.4 6.3 57.0 79.4 45.5 58.1 0.0 65.2 77.0 63.9 80.6 21.8 94.6 80.1 70.9 55.5 99.3 116.1
23.5 36.3 67.8 28.5 64.1 61.5 49.7 60.8 82.6 49.4 51.7 12.4 91.7 72.4 41.7 54.7 29.5 43.5 51.8 6.9 77.6 28.8 87.4 59.5 58.4 68.0 21.6 17.3 65.2 0.0 28.4 71.0 63.7 49.9 72.4 15.8 21.6 17.8 67.3 68.4
24.4 58.8 93.6 54.5 90.4 89.5 75.8 88.5 111.0 71.0 79.3 16.0 119.7 100.7 49.6 82.2 36.8 65.9 64.2 35.4 103.5 56.7 113.6 70.6 85.4 96.4 44.3 20.2 77.0 28.4 0.0 98.2 92.1 68.4 100.5 22.9 7.4 22.8 94.5 91.0
91.5 68.3 59.6 59.3 10.0 13.3 22.9 11.4 29.4 72.2 19.8 83.1 24.2 16.5 69.8 45.0 72.2 38.2 61.0 64.6 11.7 42.4 18.2 64.3 12.7 21.1 54.8 79.7 63.9 71.0 98.2 0.0 26.3 45.9 38.2 84.8 90.7 77.8 48.7 74.8
79.3 48.4 33.3 42.7 30.7 14.9 32.1 18.7 18.9 49.0 21.3 76.1 32.6 13.2 77.8 20.2 75.6 48.2 73.7 56.7 38.0 37.1 42.7 79.1 24.7 6.5 55.0 77.1 80.6 63.7 92.1 26.3 0.0 59.4 13.9 74.0 85.2 75.9 22.5 48.8
73.4 71.4 84.8 59.5 35.9 46.7 27.3 43.1 72.4 81.9 38.1 57.7 70.0 58.4 25.8 66.9 33.4 12.0 15.0 47.0 44.4 35.8 53.9 19.6 36.9 58.8 28.4 48.2 21.8 49.9 68.4 45.9 59.4 0.0 73.3 65.7 61.4 45.6 77.5 94.5
85.0 50.2 24.6 47.7 44.0 28.5 46.1 32.4 17.4 47.1 35.2 84.5 36.4 22.2 90.7 19.9 87.5 61.9 87.4 65.5 49.5 48.2 52.3 93.0 38.5 17.1 66.7 87.1 94.6 72.4 100.5 38.2 13.9 73.3 0.0 80.7 94.0 86.2 13.5 41.3
7.6 36.0 71.3 33.2 78.6 74.2 64.5 74.1 92.9 48.1 65.1 12.2 104.0 84.2 55.0 61.4 41.9 59.3 66.7 20.7 92.2 42.5 101.8 74.2 72.4 79.1 37.5 25.2 80.1 15.8 22.9 84.8 74.0 65.7 80.7 0.0 19.7 27.1 73.3 68.1
23.3 54.3 88.2 48.8 82.9 82.2 68.4 81.1 104.1 66.9 72.0 9.7 112.4 93.5 43.8 76.1 30.6 58.5 57.9 28.6 96.0 49.4 106.1 64.6 78.0 89.3 36.8 13.2 70.9 21.6 7.4 90.7 85.2 61.4 94.0 19.7 0.0 15.8 88.6 86.7
33.7 54.2 84.5 45.7 69.4 70.7 55.0 69.1 94.2 67.2 60.1 15.3 100.5 82.6 28.8 70.1 15.4 43.5 42.3 22.7 82.0 38.8 92.2 49.2 65.2 79.1 22.9 2.6 55.5 17.8 22.8 77.8 75.9 45.6 86.2 27.1 15.8 0.0 82.9 86.1
76.7 40.0 11.3 40.1 52.8 37.0 51.4 40.8 30.9 34.7 40.7 78.8 49.8 34.0 91.7 12.7 86.5 65.5 90.6 60.8 60.4 47.4 64.4 96.9 46.1 27.9 65.8 83.4 99.3 67.3 94.5 48.7 22.5 77.5 13.5 73.3 88.6 82.9 0.0 27.8
68.7 32.4 16.7 40.6 77.0 62.0 71.9 65.3 58.6 20.0 62.5 77.2 77.7 61.4 102.5 30.2 94.2 82.5 105.4 63.5 86.5 59.5 91.5 112.5 69.5 54.9 75.3 85.7 116.1 68.4 91.0 74.8 48.8 94.5 41.3 68.1 86.7 86.1 27.8 0.0
0         1120     
532       583      
612       664      
560       616      
283       311      
184       209      
146       174      
182       206      
714       724      
564       613      
153       213      
0         48       
943       1009     
200       253      
363       405      
654       686      
429       469      
316       336      
368       415      
113       147      
271       317      
108       177      
805       832      
884       924      
168       214      
246       293      
335       374      
57        66       
397       415      
61        99       
500       538      
255       307      
204       265      
422       452      
218       256      
7         68       
44        81       
71        131      
730       767      
638       674      
