40
0.0 50.8 44.4 24.8 47.9 4.8 52.8 47.1 7.8 42.0 42.3 23.2 38.5 50.9 41.9 39.7 43.2 42.1 44.3 42.9 52.6 33.9 36.8 34.8 28.4 60.8 32.4 34.7 37.4 40.1 29.0 45.3 24.6 25.8 49.2 35.1 29.3 28.0 34.7 47.6
50.8 0.0 51.8 40.1 87.5 52.5 38.7 78.8 57.4 81.9 10.1 66.8 79.1 84.1 16.3 90.0 13.0 72.1 94.8 83.5 103.5 83.8 36.7 19.3 77.2 17.0 52.9 65.0 86.5 89.6 61.1 95.2 38.6 75.3 86.4 53.9 44.5 78.8 37.1 85.8
44.4 51.8 0.0 59.8 45.7 49.3 20.0 32.5 43.6 86.2 42.5 67.5 40.8 37.7 57.0 75.0 38.8 86.0 78.0 86.9 80.7 71.8 67.4 34.9 51.4 47.9 72.5 78.3 76.3 77.8 72.6 68.2 22.4 52.0 42.7 11.4 66.1 59.8 15.9 43.1
24.8 40.1 59.8 0.0 72.7 22.5 60.3 70.8 32.5 41.9 35.9 28.7 63.3 75.0 25.4 55.6 39.3 32.5 60.7 43.5 71.5 48.8 12.2 33.6 52.2 55.2 14.1 25.0 50.3 53.8 20.9 67.0 37.4 49.2 73.8 53.7 6.3 48.7 45.4 72.3
47.9 87.5 45.7 72.7 0.0 51.0 65.4 14.6 40.6 74.6 77.4 60.3 9.4 11.7 84.9 48.8 75.6 83.0 49.0 74.3 45.1 50.0 84.5 68.2 26.3 89.6 79.2 77.4 54.4 53.7 72.5 31.8 48.9 29.5 4.5 36.7 77.2 36.8 52.9 2.8
4.8 52.5 49.3 22.5 51.0 0.0 57.2 51.2 10.4 37.3 44.6 18.6 41.7 54.8 42.3 37.5 46.0 37.3 42.2 38.2 51.5 31.3 34.8 37.8 29.6 63.5 28.4 29.9 34.4 37.3 24.3 45.3 29.1 26.7 52.6 40.0 26.2 27.3 39.2 50.9
52.8 38.7 20.0 60.3 65.4 57.2 0.0 52.5 54.8 94.3 31.8 75.8 59.8 57.8 48.9 89.0 27.2 90.7 92.6 95.4 97.0 84.6 64.4 27.9 67.5 30.0 74.2 82.8 88.8 90.8 77.3 85.3 28.2 67.3 62.6 29.2 66.5 74.2 18.2 62.9
47.1 78.8 32.5 70.8 14.6 51.2 52.5 0.0 41.1 80.7 68.7 64.2 15.1 5.4 78.7 58.7 66.2 86.6 59.8 80.6 57.9 58.4 81.7 59.6 33.8 78.7 79.5 80.1 63.0 63.1 74.7 44.4 40.7 36.3 10.7 25.3 76.0 44.7 42.3 11.7
7.8 57.4 43.6 32.5 40.6 10.4 54.8 41.1 0.0 43.1 48.4 24.7 31.2 44.5 49.4 34.8 48.8 46.0 39.0 43.6 46.3 29.9 44.6 40.3 20.6 66.1 38.8 39.1 33.9 36.1 33.6 37.9 26.7 18.2 42.2 33.2 36.6 21.6 36.6 40.4
42.0 81.9 86.2 41.9 74.6 37.3 94.3 80.7 43.1 0.0 76.6 18.7 67.0 82.6 67.3 31.2 79.2 16.1 35.0 1.8 47.4 26.4 49.4 72.0 48.3 96.2 31.6 18.9 23.4 26.2 21.1 51.4 66.5 45.1 77.9 76.2 38.7 37.9 76.5 75.7
42.3 10.1 42.5 35.9 77.4 44.6 31.8 68.7 48.4 76.6 0.0 60.2 69.0 74.0 17.4 81.9 4.6 68.4 86.6 78.0 94.7 75.9 35.7 9.2 67.7 19.6 49.7 60.9 79.0 81.9 56.4 85.9 28.4 66.0 76.3 43.9 41.2 69.9 27.3 75.6
23.2 66.8 67.5 28.7 60.3 18.6 75.8 64.2 24.7 18.7 60.2 0.0 51.8 66.8 53.6 28.0 62.4 22.6 33.0 19.6 44.8 21.1 39.3 54.7 34.6 79.8 24.5 17.6 21.8 25.4 14.0 43.7 47.8 31.2 63.0 57.6 28.2 26.3 57.9 61.0
38.5 79.1 40.8 63.3 9.4 41.7 59.8 15.1 31.2 67.0 69.0 51.8 0.0 15.7 75.8 43.6 67.5 74.5 44.6 66.9 43.1 43.6 75.1 59.8 19.1 82.2 69.9 68.6 48.2 48.1 63.6 29.7 40.7 22.0 11.2 30.5 67.8 30.1 45.7 9.2
50.9 84.1 37.7 75.0 11.7 54.8 57.8 5.4 44.5 82.6 74.0 66.8 15.7 0.0 83.8 59.0 71.6 89.4 59.6 82.5 56.6 59.3 86.2 65.0 34.8 84.1 83.2 83.1 63.9 63.6 77.9 43.2 46.0 37.6 7.2 30.7 80.1 45.8 47.8 9.0
41.9 16.3 57.0 25.4 84.9 42.3 48.9 78.7 49.4 67.3 17.4 53.6 75.8 83.8 0.0 79.1 22.1 56.4 84.0 68.9 93.8 72.4 20.4 22.2 70.1 33.1 37.1 49.6 74.6 77.9 46.2 87.2 38.3 67.7 84.7 55.7 28.9 69.6 41.0 83.7
39.7 90.0 75.0 55.6 48.8 37.5 89.0 58.7 34.8 31.2 81.9 28.0 43.6 59.0 79.1 0.0 83.0 45.2 5.0 30.1 17.0 6.9 67.0 74.5 25.2 100.5 52.5 43.5 7.8 5.3 41.5 20.6 61.4 23.5 52.9 63.7 56.0 15.2 70.9 50.7
43.2 13.0 38.8 39.3 75.6 46.0 27.2 66.2 48.8 79.2 4.6 62.4 67.5 71.6 22.1 83.0 0.0 71.8 87.5 80.7 95.1 77.2 39.9 8.5 67.5 17.5 53.3 64.1 80.4 83.2 59.4 85.8 26.7 66.0 74.2 41.1 44.9 70.4 24.2 73.7
42.1 72.1 86.0 32.5 83.0 37.3 90.7 86.6 46.0 16.1 68.4 22.6 74.5 89.4 56.4 45.2 71.8 0.0 49.5 18.0 62.0 39.2 36.8 65.6 57.1 87.7 19.3 7.9 37.5 40.7 13.5 64.0 64.5 53.7 85.7 77.3 27.6 48.1 74.0 83.6
44.3 94.8 78.0 60.7 49.0 42.2 92.6 59.8 39.0 35.0 86.6 33.0 44.6 59.6 84.0 5.0 87.5 49.5 0.0 33.7 12.4 11.9 72.0 79.0 27.2 105.0 57.5 48.2 12.1 8.8 46.4 18.7 65.4 26.0 53.2 66.6 61.1 18.3 74.7 51.0
42.9 83.5 86.9 43.5 74.3 38.2 95.4 80.6 43.6 1.8 78.0 19.6 66.9 82.5 68.9 30.1 80.7 18.0 33.7 0.0 46.0 25.5 51.2 73.3 48.0 97.7 33.4 20.8 22.3 25.0 22.8 50.4 67.4 44.9 77.6 76.8 40.5 37.5 77.5 75.5
52.6 103.5 80.7 71.5 45.1 51.5 97.0 57.9 46.3 47.4 94.7 44.8 43.1 56.6 93.8 17.0 95.1 62.0 12.4 46.0 0.0 23.7 83.2 86.6 29.5 112.3 69.4 60.6 24.5 21.3 58.5 13.4 71.1 29.8 49.6 69.3 72.5 24.7 79.8 47.5
33.9 83.8 71.8 48.8 50.0 31.3 84.6 58.4 29.9 26.4 75.9 21.1 43.6 59.3 72.4 6.9 77.2 39.2 11.9 25.5 23.7 0.0 60.0 68.8 24.5 94.7 45.6 37.0 4.7 6.2 34.7 25.0 56.7 22.1 53.7 60.6 49.1 13.6 66.5 51.5
36.8 36.7 67.4 12.2 84.5 34.8 64.4 81.7 44.6 49.4 35.7 39.3 75.1 86.2 20.4 67.0 39.9 36.8 72.0 51.2 83.2 60.0 0.0 36.5 64.4 53.3 17.9 30.8 61.1 64.7 28.5 79.2 45.5 61.4 85.4 62.8 11.1 60.8 52.0 83.9
34.8 19.3 34.9 33.6 68.2 37.8 27.9 59.6 40.3 72.0 9.2 54.7 59.8 65.0 22.2 74.5 8.5 65.6 79.0 73.3 86.6 68.8 36.5 0.0 59.0 25.9 47.7 57.7 72.1 74.9 52.7 77.4 19.2 57.5 67.1 35.1 39.5 61.9 19.2 66.4
28.4 77.2 51.4 52.2 26.3 29.6 67.5 33.8 20.6 48.3 67.7 34.6 19.1 34.8 70.1 25.2 67.5 57.1 27.2 48.0 29.5 24.5 64.4 59.0 0.0 84.2 55.7 52.1 29.2 29.3 47.6 18.4 42.2 3.4 29.6 40.0 55.4 10.9 50.4 27.4
60.8 17.0 47.9 55.2 89.6 63.5 30.0 78.7 66.1 96.2 19.6 79.8 82.2 84.1 33.1 100.5 17.5 87.7 105.0 97.7 112.3 94.7 53.3 25.9 84.2 0.0 68.7 80.2 98.0 100.8 75.9 102.6 42.3 82.9 87.7 53.4 60.2 87.7 36.7 87.5
32.4 52.9 72.5 14.1 79.2 28.4 74.2 79.5 38.8 31.6 49.7 24.5 69.9 83.2 37.1 52.5 53.3 19.3 57.5 33.4 69.4 45.6 17.9 47.7 55.7 68.7 0.0 12.8 45.8 49.4 11.4 67.6 50.1 52.3 80.9 65.3 8.4 49.5 58.8 79.2
34.7 65.0 78.3 25.0 77.4 29.9 82.8 80.1 39.1 18.9 60.9 17.6 68.6 83.1 49.6 43.5 64.1 7.9 48.2 20.8 60.6 37.0 30.8 57.7 52.1 80.2 12.8 0.0 36.2 39.7 5.7 60.9 56.6 48.6 79.8 69.7 20.7 43.9 66.1 77.9
37.4 86.5 76.3 50.3 54.4 34.4 88.8 63.0 33.9 23.4 79.0 21.8 48.2 63.9 74.6 7.8 80.4 37.5 12.1 22.3 24.5 4.7 61.1 72.1 29.2 98.0 45.8 36.2 0.0 3.5 34.6 28.1 60.7 26.8 58.2 65.1 50.1 18.2 70.6 56.0
40.1 89.6 77.8 53.8 53.7 37.3 90.8 63.1 36.1 26.2 81.9 25.4 48.1 63.6 77.9 5.3 83.2 40.7 8.8 25.0 21.3 6.2 64.7 74.9 29.3 100.8 49.4 39.7 3.5 0.0 38.1 26.0 62.9 27.2 57.7 66.5 53.6 18.7 72.7 55.5
29.0 61.1 72.6 20.9 72.5 24.3 77.3 74.7 33.6 21.1 56.4 14.0 63.6 77.9 46.2 41.5 59.4 13.5 46.4 22.8 58.5 34.7 28.5 52.7 47.6 75.9 11.4 5.7 34.6 38.1 0.0 57.7 50.9 44.2 74.8 64.0 17.7 40.1 60.5 72.9
45.3 95.2 68.2 67.0 31.8 45.3 85.3 44.4 37.9 51.4 85.9 43.7 29.7 43.2 87.2 20.6 85.8 64.0 18.7 50.4 13.4 25.0 79.2 77.4 18.4 102.6 67.6 60.9 28.1 26.0 57.7 0.0 60.6 19.9 36.3 57.0 69.1 18.3 68.6 34.2
24.6 38.6 22.4 37.4 48.9 29.1 28.2 40.7 26.7 66.5 28.4 47.8 40.7 46.0 38.3 61.4 26.7 64.5 65.4 67.4 71.1 56.7 45.5 19.2 42.2 42.3 50.1 56.6 60.7 62.9 50.9 60.6 0.0 41.3 47.9 17.7 43.7 47.2 10.1 47.2
25.8 75.3 52.0 49.2 29.5 26.7 67.3 36.3 18.2 45.1 66.0 31.2 22.0 37.6 67.7 23.5 66.0 53.7 26.0 44.9 29.8 22.1 61.4 57.5 3.4 82.9 52.3 48.6 26.8 27.2 44.2 19.9 41.3 0.0 32.7 40.6 52.2 8.5 49.9 30.5
49.2 86.4 42.7 73.8 4.5 52.6 62.6 10.7 42.2 77.9 76.3 63.0 11.2 7.2 84.7 52.9 74.2 85.7 53.2 77.6 49.6 53.7 85.4 67.1 29.6 87.7 80.9 79.8 58.2 57.7 74.8 36.3 47.9 32.7 0.0 34.4 78.5 40.4 51.0 2.2
35.1 53.9 11.4 53.7 36.7 40.0 29.2 25.3 33.2 76.2 43.9 57.6 30.5 30.7 55.7 63.7 41.1 77.3 66.6 76.8 69.3 60.6 62.8 35.1 40.0 53.4 65.3 69.7 65.1 66.5 64.0 57.0 17.7 40.6 34.4 0.0 59.8 48.4 17.0 34.3
29.3 44.5 66.1 6.3 77.2 26.2 66.5 76.0 36.6 38.7 41.2 28.2 67.8 80.1 28.9 56.0 44.9 27.6 61.1 40.5 72.5 49.1 11.1 39.5 55.4 60.2 8.4 20.7 50.1 53.6 17.7 69.1 43.7 52.2 78.5 59.8 0.0 50.7 51.8 76.9
28.0 78.8 59.8 48.7 36.8 27.3 74.2 44.7 21.6 37.9 69.9 26.3 30.1 45.8 69.6 15.2 70.4 48.1 18.3 37.5 24.7 13.6 60.8 61.9 10.9 87.7 49.5 43.9 18.2 18.7 40.1 18.3 47.2 8.5 40.4 48.4 50.7 0.0 56.4 38.2
34.7 37.1 15.9 45.4 52.9 39.2 18.2 42.3 36.6 76.5 27.3 57.9 45.7 47.8 41.0 70.9 24.2 74.0 74.7 77.5 79.8 66.5 52.0 19.2 50.4 36.7 58.8 66.1 70.6 72.7 60.5 68.6 10.1 49.9 51.0 17.0 51.8 56.4 0.0 50.8
47.6 85.8 43.1 72.3 2.8 50.9 62.9 11.7 40.4 75.7 75.6 61.0 9.2 9.0 83.7 50.7 73.7 83.6 51.0 75.5 47.5 51.5 83.9 66.4 27.4 87.5 79.2 77.9 56.0 55.5 72.9 34.2 47.2 30.5 2.2 34.3 76.9 38.2 50.8 0.0
0         926      
797       851      
369       441      
865       901      
446       482      
623       673      
313       340      
480       495      
0         26       
109       150      
217       257      
55        121      
457       473      
441       484      
183       250      
43        97       
333       361      
106       145      
513       580      
654       696      
706       760      
28        72       
169       200      
220       245      
500       522      
338       373      
148       181      
101       118      
48        101      
52        60       
144       191      
559       578      
241       277      
1         29       
436       471      
253       297      
138       202      
15        60       
290       330      
583       604      
