40
0.0 59.2 46.4 78.4 104.0 47.6 98.3 44.1 43.2 117.7 46.7 127.4 109.6 63.0 50.5 49.2 105.0 69.2 73.2 62.7 38.7 14.1 73.9 48.7 100.6 47.2 41.7 32.9 85.7 62.8 55.3 78.1 30.5 105.0 108.1 100.7 42.6 43.7 64.2 54.0
59.2 0.0 18.8 56.0 75.7 27.5 80.2 63.3 37.9 68.9 33.7 82.5 76.2 7.8 57.9 44.3 53.3 24.5 24.2 12.7 20.7 47.0 32.0 50.7 68.0 19.1 18.6 30.6 26.5 60.2 46.6 57.7 30.8 61.8 55.9 66.8 49.8 48.0 16.8 58.1
46.4 18.8 0.0 44.8 68.3 9.9 69.0 44.5 19.3 72.4 15.8 83.7 71.0 18.4 39.5 26.4 58.8 23.3 42.2 16.6 16.1 32.7 29.2 32.5 62.2 25.3 17.9 13.9 42.5 43.5 29.8 45.9 25.5 61.4 61.9 61.5 31.1 29.4 17.7 40.1
78.4 56.0 44.8 0.0 25.6 36.2 24.3 44.9 35.6 51.9 33.6 55.0 31.8 49.3 33.9 29.2 48.0 33.5 79.0 43.8 60.8 65.1 27.5 31.4 23.3 69.6 62.8 50.4 63.3 22.8 23.2 2.5 69.0 35.4 50.8 23.9 37.3 35.5 39.8 30.4
104.0 75.7 68.3 25.6 0.0 60.7 16.5 68.4 61.2 41.9 58.8 37.7 9.6 68.1 57.8 54.8 46.7 51.3 96.3 63.0 84.4 90.7 43.8 56.5 9.3 91.8 85.9 75.5 75.3 45.2 48.7 26.0 93.3 27.7 48.4 11.4 62.5 60.9 58.9 54.1
47.6 27.5 9.9 36.2 60.7 0.0 60.1 36.5 10.8 70.1 6.2 79.9 64.5 25.0 30.3 16.7 58.0 22.7 51.6 21.2 24.9 33.5 26.3 23.1 55.4 35.1 27.3 15.4 48.3 33.6 19.8 37.1 32.7 57.4 61.2 55.0 22.8 20.8 20.3 30.5
98.3 80.2 69.0 24.3 16.5 60.1 0.0 58.6 57.6 58.0 56.6 54.2 26.1 73.2 48.9 49.9 60.8 56.9 102.7 67.7 84.9 86.0 50.0 49.6 23.7 94.0 87.0 73.3 84.7 36.0 43.8 23.1 92.5 42.8 62.9 25.9 55.7 54.6 63.7 45.2
44.1 63.3 44.5 44.9 68.4 36.5 58.6 0.0 25.7 94.8 30.6 99.8 76.2 61.5 11.0 22.2 86.8 56.0 86.3 57.7 52.4 35.9 56.0 15.9 68.1 64.7 56.0 36.0 84.7 23.2 25.0 43.5 53.5 79.0 90.0 68.9 13.8 15.9 56.1 14.5
43.2 37.9 19.3 35.6 61.2 10.8 57.6 25.7 0.0 76.7 5.2 85.0 66.4 35.8 20.2 8.4 66.0 32.0 61.5 32.0 30.9 29.5 34.0 13.3 57.4 42.5 34.0 16.2 59.1 26.2 13.9 35.7 36.0 62.7 69.2 57.4 12.0 10.1 30.8 21.2
117.7 68.9 72.4 51.9 41.9 70.1 58.0 94.8 76.7 0.0 72.1 15.8 33.4 61.4 83.9 74.4 16.1 49.1 80.6 58.6 86.0 103.6 43.8 79.3 34.4 88.0 85.6 84.9 53.8 74.4 70.0 54.1 96.6 16.5 14.7 32.4 83.9 81.7 55.7 80.9
46.7 33.7 15.8 33.6 58.8 6.2 56.6 30.6 5.2 72.1 0.0 80.8 63.4 31.0 24.1 10.6 61.0 26.7 57.7 27.0 29.4 32.7 29.0 16.9 54.4 40.3 32.2 16.8 54.0 27.9 14.4 34.0 36.0 58.4 64.2 54.2 16.8 14.7 25.6 24.4
127.4 82.5 83.7 55.0 37.7 79.9 54.2 99.8 85.0 15.8 80.8 0.0 28.1 74.8 88.8 81.3 31.5 60.8 95.8 71.4 98.3 113.3 54.5 85.3 33.2 101.4 98.3 95.2 69.2 77.8 76.2 56.8 108.7 22.4 30.4 31.7 90.5 88.5 68.0 85.4
109.6 76.2 71.0 31.8 9.6 64.5 26.1 76.2 66.4 33.4 63.4 28.1 0.0 68.4 65.3 60.8 40.4 51.7 95.2 63.6 87.0 95.9 44.2 63.3 9.0 93.3 88.1 79.7 72.3 53.1 54.9 32.8 96.5 21.0 41.7 9.5 69.1 67.3 59.5 61.7
63.0 7.8 18.4 49.3 68.1 25.0 73.2 61.5 35.8 61.4 31.0 74.8 68.4 0.0 54.9 41.0 46.1 16.8 29.8 5.5 25.8 50.0 24.3 47.7 60.3 26.6 24.7 32.0 24.0 55.7 42.4 51.1 36.5 53.9 48.8 59.0 47.8 45.8 9.5 54.6
50.5 57.9 39.5 33.9 57.8 30.3 48.9 11.0 20.2 83.9 24.1 88.8 65.3 54.9 0.0 13.9 76.4 47.2 81.7 50.5 50.4 39.9 46.3 7.1 57.1 62.4 53.7 34.4 77.0 12.9 14.8 32.5 53.7 68.0 79.5 57.9 9.8 10.6 48.4 3.7
49.2 44.3 26.4 29.2 54.8 16.7 49.9 22.2 8.4 74.4 10.6 81.3 60.8 41.0 13.9 0.0 65.2 33.8 68.3 36.5 39.2 36.2 33.9 6.7 52.0 50.6 42.2 24.6 63.2 17.8 6.1 28.9 44.4 59.4 68.4 52.2 9.5 7.3 34.5 13.8
105.0 53.3 58.8 48.0 46.7 58.0 60.8 86.8 66.0 16.1 61.0 31.5 40.4 46.1 76.4 65.2 0.0 35.7 64.4 43.9 71.4 91.0 32.0 70.9 37.6 72.4 70.7 72.0 37.7 68.8 61.7 50.5 82.1 19.3 3.2 35.4 74.7 72.4 41.4 73.9
69.2 24.5 23.3 33.5 51.3 22.7 56.9 56.0 32.0 49.1 26.7 60.8 51.7 16.8 47.2 33.8 35.7 0.0 45.8 11.8 37.4 55.2 7.5 40.4 43.5 41.8 37.6 36.3 31.2 44.4 32.7 35.6 47.8 38.9 38.8 42.3 42.6 40.3 7.8 45.8
73.2 24.2 42.2 79.0 96.3 51.6 102.7 86.3 61.5 80.6 57.7 95.8 95.2 29.8 81.7 68.3 64.4 45.8 0.0 35.3 36.5 63.9 52.9 74.6 87.9 26.0 32.9 51.3 27.2 84.5 70.8 80.9 42.7 77.8 66.0 86.3 73.2 71.6 39.1 82.1
62.7 12.7 16.6 43.8 63.0 21.2 67.7 57.7 32.0 58.6 27.0 71.4 63.6 5.5 50.5 36.5 43.9 11.8 35.3 0.0 27.4 49.2 19.4 43.3 55.3 30.3 27.0 30.6 27.0 50.6 37.5 45.6 38.1 50.0 46.7 54.1 43.9 41.8 4.1 50.0
38.7 20.7 16.1 60.8 84.4 24.9 84.9 52.4 30.9 86.0 29.4 98.3 87.0 25.8 50.4 39.2 71.4 37.4 36.5 27.4 0.0 27.6 44.2 44.0 78.2 12.3 3.7 16.3 47.1 57.0 43.8 61.8 10.7 76.3 74.2 77.5 40.8 39.7 30.3 51.9
14.1 47.0 32.7 65.1 90.7 33.5 86.0 35.9 29.5 103.6 32.7 113.3 95.9 50.0 39.9 36.2 91.0 55.2 63.9 49.2 27.6 0.0 59.7 36.7 86.9 38.1 31.1 18.9 73.3 51.3 42.3 65.0 22.3 90.8 94.1 86.9 30.9 31.6 50.4 43.0
73.9 32.0 29.2 27.5 43.8 26.3 50.0 56.0 34.0 43.8 29.0 54.5 44.2 24.3 46.3 33.9 32.0 7.5 52.9 19.4 44.2 59.7 0.0 40.1 35.9 49.3 44.7 41.1 35.8 41.5 31.5 29.8 54.4 32.2 35.2 34.7 43.3 41.0 15.3 44.4
48.7 50.7 32.5 31.4 56.5 23.1 49.6 15.9 13.3 79.3 16.9 85.3 63.3 47.7 7.1 6.7 70.9 40.4 74.6 43.3 44.0 36.7 40.1 0.0 54.7 55.8 47.3 28.4 70.0 14.6 9.3 30.5 48.1 63.9 74.1 55.2 6.1 5.2 41.3 7.8
100.6 68.0 62.2 23.3 9.3 55.4 23.7 68.1 57.4 34.4 54.4 33.2 9.0 60.3 57.1 52.0 37.6 43.5 87.9 55.3 78.2 86.9 35.9 54.7 0.0 84.8 79.4 70.7 66.2 45.3 46.2 24.5 87.6 19.1 39.5 2.2 60.4 58.6 51.3 53.6
47.2 19.1 25.3 69.6 91.8 35.1 94.0 64.7 42.5 88.0 40.3 101.4 93.3 26.6 62.4 50.6 72.4 41.8 26.0 30.3 12.3 38.1 49.3 55.8 84.8 0.0 8.6 28.6 42.5 68.3 54.8 70.9 16.6 80.3 74.9 83.8 52.9 51.7 34.1 63.7
41.7 18.6 17.9 62.8 85.9 27.3 87.0 56.0 34.0 85.6 32.2 98.3 88.1 24.7 53.7 42.2 70.7 37.6 32.9 27.0 3.7 31.1 44.7 47.3 79.4 8.6 0.0 20.0 44.7 60.0 46.6 63.9 12.2 76.6 73.4 78.5 44.2 43.1 30.2 55.1
32.9 30.6 13.9 50.4 75.5 15.4 73.3 36.0 16.2 84.9 16.8 95.2 79.7 32.0 34.4 24.6 72.0 36.3 51.3 30.6 16.3 18.9 41.1 28.4 70.7 28.6 20.0 0.0 55.9 42.3 30.1 50.8 19.8 72.7 75.1 70.3 24.6 23.8 31.5 36.2
85.7 26.5 42.5 63.3 75.3 48.3 84.7 84.7 59.1 53.8 54.0 69.2 72.3 24.0 77.0 63.2 37.7 31.2 27.2 27.0 47.1 73.3 35.8 70.0 66.2 42.5 44.7 55.9 0.0 75.5 63.3 65.7 56.9 53.1 39.1 64.3 70.9 68.7 28.6 76.2
62.8 60.2 43.5 22.8 45.2 33.6 36.0 23.2 26.2 74.4 27.9 77.8 53.1 55.7 12.9 17.8 68.8 44.4 84.5 50.6 57.0 51.3 41.5 14.6 45.3 68.3 60.0 42.3 75.5 0.0 13.7 20.9 62.2 58.1 71.8 46.3 20.4 19.8 47.6 9.2
55.3 46.6 29.8 23.2 48.7 19.8 43.8 25.0 13.9 70.0 14.4 76.2 54.9 42.4 14.8 6.1 61.7 32.7 70.8 37.5 43.8 42.3 31.5 9.3 46.2 54.8 46.6 30.1 63.3 13.7 0.0 22.7 49.8 54.6 64.9 46.5 14.4 12.4 34.8 13.1
78.1 57.7 45.9 2.5 26.0 37.1 23.1 43.5 35.7 54.1 34.0 56.8 32.8 51.1 32.5 28.9 50.5 35.6 80.9 45.6 61.8 65.0 29.8 30.5 24.5 70.9 63.9 50.8 65.7 20.9 22.7 0.0 69.7 37.6 53.3 25.4 36.5 34.9 41.7 29.0
30.5 30.8 25.5 69.0 93.3 32.7 92.5 53.5 36.0 96.6 36.0 108.7 96.5 36.5 53.7 44.4 82.1 47.8 42.7 38.1 10.7 22.3 54.4 48.1 87.6 16.6 12.2 19.8 56.9 62.2 49.8 69.7 0.0 86.6 84.9 87.0 43.8 43.3 40.9 55.8
105.0 61.8 61.4 35.4 27.7 57.4 42.8 79.0 62.7 16.5 58.4 22.4 21.0 53.9 68.0 59.4 19.3 38.9 77.8 50.0 76.3 90.8 32.2 63.9 19.1 80.3 76.6 72.7 53.1 58.1 54.6 37.6 86.6 0.0 20.7 16.9 68.9 66.7 46.4 64.9
108.1 55.9 61.9 50.8 48.4 61.2 62.9 90.0 69.2 14.7 64.2 30.4 41.7 48.8 79.5 68.4 3.2 38.8 66.0 46.7 74.2 94.1 35.2 74.1 39.5 74.9 73.4 75.1 39.1 71.8 64.9 53.3 84.9 20.7 0.0 37.3 78.0 75.7 44.3 77.0
100.7 66.8 61.5 23.9 11.4 55.0 25.9 68.9 57.4 32.4 54.2 31.7 9.5 59.0 57.9 52.2 35.4 42.3 86.3 54.1 77.5 86.9 34.7 55.2 2.2 83.8 78.5 70.3 64.3 46.3 46.5 25.4 87.0 16.9 37.3 0.0 60.9 59.0 50.1 54.4
42.6 49.8 31.1 37.3 62.5 22.8 55.7 13.8 12.0 83.9 16.8 90.5 69.1 47.8 9.8 9.5 74.7 42.6 73.2 43.9 40.8 30.9 43.3 6.1 60.4 52.9 44.2 24.6 70.9 20.4 14.4 36.5 43.8 68.9 78.0 60.9 0.0 2.3 42.4 12.3
43.7 48.0 29.4 35.5 60.9 20.8 54.6 15.9 10.1 81.7 14.7 88.5 67.3 45.8 10.6 7.3 72.4 40.3 71.6 41.8 39.7 31.6 41.0 5.2 58.6 51.7 43.1 23.8 68.7 19.8 12.4 34.9 43.3 66.7 75.7 59.0 2.3 0.0 40.2 12.5
64.2 16.8 17.7 39.8 58.9 20.3 63.7 56.1 30.8 55.7 25.6 68.0 59.5 9.5 48.4 34.5 41.4 7.8 39.1 4.1 30.3 50.4 15.3 41.3 51.3 34.1 30.2 31.5 28.6 47.6 34.8 41.7 40.9 46.4 44.3 50.1 42.4 40.2 0.0 47.6
54.0 58.1 40.1 30.4 54.1 30.5 45.2 14.5 21.2 80.9 24.4 85.4 61.7 54.6 3.7 13.8 73.9 45.8 82.1 50.0 51.9 43.0 44.4 7.8 53.6 63.7 55.1 36.2 76.2 9.2 13.1 29.0 55.8 64.9 77.0 54.4 12.3 12.5 47.6 0.0
0         913      
59        71       
122       165      
275       315      
319       370      
411       477      
316       367      
848       868      
130       198      
523       540      
228       258      
528       555      
312       344      
71        125      
180       208      
136       206      
490       543      
90        120      
740       790      
75        104      
728       735      
889       894      
449       476      
164       201      
311       336      
30        87       
15        72       
140       171      
605       624      
260       290      
215       260      
377       434      
22        39       
462       511      
655       680      
339       392      
166       192      
174       212      
77        151      
183       228      
