40
0.0 78.5 109.0 80.1 107.4 101.8 17.1 43.6 56.6 41.0 72.3 72.0 85.9 99.7 127.0 106.5 28.0 19.1 94.5 52.2 20.5 54.3 102.2 59.7 126.7 41.7 81.3 91.9 39.2 82.9 76.6 42.5 35.2 33.8 52.3 36.9 68.4 83.4 73.2 82.8
78.5 0.0 61.5 48.8 73.9 64.6 91.1 81.5 91.3 37.8 51.0 49.2 59.2 81.9 79.3 81.0 86.3 60.2 52.4 58.4 89.8 24.3 66.6 23.4 81.0 36.8 78.8 45.6 76.8 47.6 83.2 83.6 49.7 78.3 27.5 67.3 18.6 47.2 91.6 15.2
109.0 61.5 0.0 29.1 18.8 12.8 113.1 83.6 84.3 75.1 37.6 37.6 27.0 36.6 19.0 29.2 99.4 97.3 14.4 59.8 108.6 72.2 14.6 79.3 19.9 76.8 49.9 18.3 82.5 26.0 59.0 86.4 74.1 87.7 77.6 77.2 78.5 25.6 71.6 46.2
80.1 48.8 29.1 0.0 29.9 22.4 84.0 56.0 59.1 49.0 8.9 8.5 10.5 33.2 46.8 33.9 70.7 69.5 14.8 31.0 79.6 50.0 23.3 59.4 46.7 51.2 32.4 15.0 54.2 3.7 39.4 58.8 45.6 59.1 55.3 48.3 61.4 4.4 50.8 35.9
107.4 73.9 18.8 29.9 0.0 9.3 108.6 75.5 73.4 79.0 35.6 36.4 21.6 18.9 24.1 10.4 93.2 98.7 21.5 55.4 103.5 79.5 7.3 88.2 22.2 81.2 36.2 28.4 75.7 28.8 45.5 78.3 74.3 81.4 84.9 72.4 89.2 28.8 58.0 59.1
101.8 64.6 12.8 22.4 9.3 0.0 104.4 73.0 72.6 71.3 29.4 29.9 16.4 24.1 25.7 18.2 89.8 92.0 12.2 50.8 99.5 70.9 2.2 79.4 24.9 73.4 37.2 19.1 72.5 20.6 46.4 75.8 67.9 78.0 76.4 68.2 80.0 20.5 59.0 49.7
17.1 91.1 113.1 84.0 108.6 104.4 0.0 36.6 47.4 53.2 75.5 75.5 88.0 98.2 130.0 106.1 17.5 34.9 98.8 53.6 6.2 67.6 104.4 74.4 129.4 54.6 78.3 97.4 34.1 87.3 72.0 34.6 43.3 28.0 66.5 36.2 83.1 87.8 66.0 93.2
43.6 81.5 83.6 56.0 75.5 73.0 36.6 0.0 13.7 50.0 47.1 47.8 56.8 62.8 98.5 71.5 19.2 48.5 70.3 26.2 30.5 63.5 72.5 73.8 97.4 52.8 42.4 70.9 5.8 59.7 35.5 2.8 34.9 9.8 65.5 14.9 81.3 60.4 29.7 77.5
56.6 91.3 84.3 59.1 73.4 72.6 47.4 13.7 0.0 62.4 50.6 51.7 57.4 58.2 97.3 67.6 30.0 62.3 72.2 33.3 41.1 75.2 71.7 85.9 95.7 65.3 37.7 74.1 19.4 62.8 29.1 14.1 47.4 23.2 77.7 27.6 93.0 63.5 19.4 85.5
41.0 37.8 75.1 49.0 79.0 71.3 53.2 50.0 62.4 0.0 44.3 43.1 58.0 77.9 94.1 81.6 50.0 24.1 61.3 35.2 52.2 14.7 72.4 23.9 94.5 3.0 65.5 56.9 44.4 50.7 65.7 51.3 15.0 44.1 15.5 35.0 32.0 50.9 69.5 42.0
72.3 51.0 37.6 8.9 35.6 29.4 75.5 47.1 50.6 44.3 0.0 1.7 14.0 34.1 54.7 37.3 61.9 63.0 23.5 22.2 70.9 47.8 29.9 58.0 54.3 46.8 27.8 23.8 45.3 12.6 33.3 49.9 38.7 50.2 52.8 39.6 61.3 13.3 43.7 39.9
72.0 49.2 37.6 8.5 36.4 29.9 75.5 47.8 51.7 43.1 1.7 0.0 14.9 35.7 55.0 38.5 62.2 62.2 23.3 22.5 71.1 46.2 30.5 56.3 54.7 45.5 29.6 23.0 45.8 12.0 35.0 50.6 38.0 50.6 51.3 39.8 59.5 12.6 45.2 38.2
85.9 59.2 27.0 10.5 21.6 16.4 88.0 56.8 57.4 58.0 14.0 14.9 0.0 22.7 42.1 23.8 73.3 77.1 15.5 34.4 83.1 60.1 16.4 69.7 41.3 60.4 25.3 19.8 56.1 11.8 33.6 59.6 52.7 61.5 65.4 51.7 71.9 12.2 45.9 45.8
99.7 81.9 36.6 33.2 18.9 24.1 98.2 62.8 58.2 77.9 34.1 35.7 22.7 0.0 42.2 9.9 81.6 94.2 33.2 47.9 92.5 81.9 22.1 91.9 39.9 80.6 20.6 39.6 64.2 34.3 29.2 65.4 69.9 70.2 87.0 63.1 94.5 34.7 40.9 68.3
127.0 79.3 19.0 46.8 24.1 25.7 130.0 98.5 97.3 94.1 54.7 55.0 42.1 42.2 0.0 32.5 115.5 116.0 32.9 76.4 125.2 91.1 26.0 98.0 3.2 95.8 60.3 37.3 98.1 44.2 69.6 101.3 92.4 103.7 96.6 93.8 96.8 43.8 82.1 64.1
106.5 81.0 29.2 33.9 10.4 18.2 106.1 71.5 67.6 81.6 37.3 38.5 23.8 9.9 32.5 0.0 89.9 99.6 29.5 54.2 100.6 83.9 16.0 93.3 30.1 84.1 29.9 36.4 72.4 33.9 38.8 74.1 75.1 78.3 89.2 70.4 95.1 34.1 50.8 66.6
28.0 86.3 99.4 70.7 93.2 89.8 17.5 19.2 30.0 50.0 61.9 62.2 73.3 81.6 115.5 89.9 0.0 39.2 85.5 39.7 11.3 64.7 89.5 73.5 114.6 52.1 61.5 84.9 17.5 74.2 54.8 17.1 36.6 11.8 65.1 22.5 81.8 74.8 48.4 85.6
19.1 60.2 97.3 69.5 98.7 92.0 34.9 48.5 62.3 24.1 63.0 62.2 77.1 94.2 116.0 99.6 39.2 0.0 83.1 46.7 36.2 35.8 92.7 40.6 116.2 23.9 78.1 79.4 42.9 71.8 75.6 48.5 24.4 39.4 33.4 36.4 49.3 72.2 75.3 66.0
94.5 52.4 14.4 14.8 21.5 12.2 98.8 70.3 72.2 61.3 23.5 23.3 15.5 33.2 32.9 29.5 85.5 83.1 0.0 45.8 94.4 59.6 14.2 67.6 33.2 63.1 40.7 6.9 68.8 11.6 49.2 73.1 59.7 73.8 65.1 63.1 68.0 11.1 61.4 37.5
52.2 58.4 59.8 31.0 55.4 50.8 53.6 26.2 33.3 35.2 22.2 22.5 34.4 47.9 76.4 54.2 39.7 46.7 45.8 0.0 48.8 45.1 50.8 56.1 75.7 38.2 31.6 45.4 23.4 34.6 30.6 28.8 23.2 28.1 48.7 17.4 62.2 35.2 34.9 52.3
20.5 89.8 108.6 79.6 103.5 99.5 6.2 30.5 41.1 52.2 70.9 71.1 83.1 92.5 125.2 100.6 11.3 36.2 94.4 48.8 0.0 66.8 99.4 74.4 124.4 53.8 72.5 93.3 28.3 83.0 66.0 28.5 40.8 22.3 66.2 31.4 83.0 83.6 59.8 90.9
54.3 24.3 72.2 50.0 79.5 70.9 67.6 63.5 75.2 14.7 47.8 46.2 60.1 81.9 91.1 83.9 64.7 35.8 59.6 45.1 66.8 0.0 72.4 11.0 92.1 12.9 72.7 54.0 58.1 50.6 74.6 65.1 29.0 58.4 5.4 48.6 17.7 50.6 80.1 32.0
102.2 66.6 14.6 23.3 7.3 2.2 104.4 72.5 71.7 72.4 29.9 30.5 16.4 22.1 26.0 16.0 89.5 92.7 14.2 50.8 99.4 72.4 0.0 81.0 25.0 74.5 35.8 21.1 72.1 21.8 45.1 75.3 68.5 77.7 77.8 68.1 81.8 21.8 57.7 51.7
59.7 23.4 79.3 59.4 88.2 79.4 74.4 73.8 85.9 23.9 58.0 56.3 69.7 91.9 98.0 93.3 73.5 40.6 67.6 56.1 74.4 11.0 81.0 0.0 99.3 21.4 83.5 61.5 68.3 59.6 85.6 75.3 38.9 68.1 8.4 58.8 8.7 59.5 91.1 35.5
126.7 81.0 19.9 46.7 22.2 24.9 129.4 97.4 95.7 94.5 54.3 54.7 41.3 39.9 3.2 30.1 114.6 116.2 33.2 75.7 124.4 92.1 25.0 99.3 0.0 96.4 58.5 38.1 97.1 44.3 67.8 100.1 92.4 102.7 97.6 93.1 98.3 44.0 80.2 65.7
41.7 36.8 76.8 51.2 81.2 73.4 54.6 52.8 65.3 3.0 46.8 45.5 60.4 80.6 95.8 84.1 52.1 23.9 63.1 38.2 53.8 12.9 74.5 21.4 96.4 0.0 68.5 58.5 47.1 52.7 68.8 54.0 17.9 46.7 13.0 37.8 29.6 52.9 72.5 42.1
81.3 78.8 49.9 32.4 36.2 37.2 78.3 42.4 37.7 65.5 27.8 29.6 25.3 20.6 60.3 29.9 61.5 78.1 40.7 31.6 72.5 72.7 35.8 83.5 58.5 68.5 0.0 45.0 44.2 35.4 9.3 45.0 54.8 50.3 77.2 44.4 87.9 36.1 21.9 67.6
91.9 45.6 18.3 15.0 28.4 19.1 97.4 70.9 74.1 56.9 23.8 23.0 19.8 39.6 37.3 36.4 84.9 79.4 6.9 45.4 93.3 54.0 21.1 61.5 38.1 58.5 45.0 0.0 68.8 11.2 53.0 73.7 56.8 73.5 59.4 62.4 61.5 10.5 64.9 30.6
39.2 76.8 82.5 54.2 75.7 72.5 34.1 5.8 19.4 44.4 45.3 45.8 56.1 64.2 98.1 72.4 17.5 42.9 68.8 23.4 28.3 58.1 72.1 68.3 97.1 47.1 44.2 68.8 0.0 57.9 38.2 6.9 29.3 6.0 59.9 9.5 75.9 58.5 34.0 73.5
82.9 47.6 26.0 3.7 28.8 20.6 87.3 59.7 62.8 50.7 12.6 12.0 11.8 34.3 44.2 33.9 74.2 71.8 11.6 34.6 83.0 50.6 21.8 59.6 44.3 52.7 35.4 11.2 57.9 0.0 42.7 62.5 48.2 62.7 56.0 51.8 61.1 0.7 54.2 34.1
76.6 83.2 59.0 39.4 45.5 46.4 72.0 35.5 29.1 65.7 33.3 35.0 33.6 29.2 69.6 38.8 54.8 75.6 49.2 30.6 66.0 74.6 45.1 85.6 67.8 68.8 9.3 53.0 38.2 42.7 0.0 37.8 53.5 44.2 78.7 40.1 90.7 43.4 12.6 73.2
42.5 83.6 86.4 58.8 78.3 75.8 34.6 2.8 14.1 51.3 49.9 50.6 59.6 65.4 101.3 74.1 17.1 48.5 73.1 28.8 28.5 65.1 75.3 75.3 100.1 54.0 45.0 73.7 6.9 62.5 37.8 0.0 36.3 9.1 66.9 16.5 82.9 63.2 31.4 79.9
35.2 49.7 74.1 45.6 74.3 67.9 43.3 34.9 47.4 15.0 38.7 38.0 52.7 69.9 92.4 75.1 36.6 24.4 59.7 23.2 40.8 29.0 68.5 38.9 92.4 17.9 54.8 56.8 29.3 48.2 53.5 36.3 0.0 29.4 30.6 19.9 46.7 48.6 55.7 50.0
33.8 78.3 87.7 59.1 81.4 78.0 28.0 9.8 23.2 44.1 50.2 50.6 61.5 70.2 103.7 78.3 11.8 39.4 73.8 28.1 22.3 58.4 77.7 68.1 102.7 46.7 50.3 73.5 6.0 62.7 44.2 9.1 29.4 0.0 59.7 11.7 76.1 63.3 39.4 76.2
52.3 27.5 77.6 55.3 84.9 76.4 66.5 65.5 77.7 15.5 52.8 51.3 65.4 87.0 96.6 89.2 65.1 33.4 65.1 48.7 66.2 5.4 77.8 8.4 97.6 13.0 77.2 59.4 59.9 56.0 78.7 66.9 30.6 59.7 0.0 50.5 16.8 56.0 83.6 36.8
36.9 67.3 77.2 48.3 72.4 68.2 36.2 14.9 27.6 35.0 39.6 39.8 51.7 63.1 93.8 70.4 22.5 36.4 63.1 17.4 31.4 48.6 68.1 58.8 93.1 37.8 44.4 62.4 9.5 51.8 40.1 16.5 19.9 11.7 50.5 0.0 66.4 52.4 38.8 64.6
68.4 18.6 78.5 61.4 89.2 80.0 83.1 81.3 93.0 32.0 61.3 59.5 71.9 94.5 96.8 95.1 81.8 49.3 68.0 62.2 83.0 17.7 81.8 8.7 98.3 29.6 87.9 61.5 75.9 61.1 90.7 82.9 46.7 76.1 16.8 66.4 0.0 60.9 97.0 32.9
83.4 47.2 25.6 4.4 28.8 20.5 87.8 60.4 63.5 50.9 13.3 12.6 12.2 34.7 43.8 34.1 74.8 72.2 11.1 35.2 83.6 50.6 21.8 59.5 44.0 52.9 36.1 10.5 58.5 0.7 43.4 63.2 48.6 63.3 56.0 52.4 60.9 0.0 54.9 33.6
73.2 91.6 71.6 50.8 58.0 59.0 66.0 29.7 19.4 69.5 43.7 45.2 45.9 40.9 82.1 50.8 48.4 75.3 61.4 34.9 59.8 80.1 57.7 91.1 80.2 72.5 21.9 64.9 34.0 54.2 12.6 31.4 55.7 39.4 83.6 38.8 97.0 54.9 0.0 82.8
82.8 15.2 46.2 35.9 59.1 49.7 93.2 77.5 85.5 42.0 39.9 38.2 45.8 68.3 64.1 66.6 85.6 66.0 37.5 52.3 90.9 32.0 51.7 35.5 65.7 42.1 67.6 30.6 73.5 34.1 73.2 79.9 50.0 76.2 36.8 64.6 32.9 33.6 82.8 0.0
0         1071     
92        101      
678       710      
320       340      
387       415      
415       436      
228       246      
268       285      
549       561      
38        48       
593       615      
302       339      
366       387      
447       460      
894       927      
411       425      
210       227      
9         32       
368       394      
291       301      
1026      1050     
54        68       
391       408      
52        77       
708       720      
807       814      
514       534      
330       356      
185       216      
353       374      
473       506      
177       199      
142       163      
175       200      
113       132      
154       192      
58        80       
315       343      
483       502      
643       660      
