40
0.0 22.2 18.1 47.3 39.3 57.6 69.4 57.4 60.0 77.4 81.1 72.1 55.5 10.3 75.9 41.8 18.5 46.1 37.9 66.2 55.1 42.3 77.1 45.4 78.9 30.3 9.3 72.4 76.7 19.9 33.7 13.6 93.3 93.2 44.8 43.4 61.9 23.8 69.7 50.2
22.2 0.0 6.7 27.1 19.7 50.0 47.3 38.9 37.9 55.9 60.2 58.4 42.1 29.7 71.5 29.6 34.5 47.0 24.9 44.6 47.3 33.4 62.9 24.1 57.2 15.9 23.8 74.7 55.2 11.7 35.3 33.9 74.0 72.0 46.1 24.3 49.7 8.3 50.6 57.1
18.1 6.7 0.0 33.7 26.4 46.2 52.6 39.8 43.5 59.2 63.0 57.0 40.3 27.2 67.1 35.7 33.4 41.2 31.0 48.1 43.5 29.6 61.6 27.3 60.9 22.0 17.7 68.9 61.1 5.6 29.1 28.3 75.5 75.1 40.2 31.0 47.5 13.9 51.9 50.6
47.3 27.1 33.7 0.0 7.9 66.2 26.5 41.3 17.6 44.2 50.2 65.9 53.0 51.7 88.4 19.5 52.9 69.9 17.7 34.0 63.7 51.5 68.9 24.0 43.6 18.7 50.7 96.5 30.2 37.7 59.7 60.2 68.4 59.8 69.3 4.7 60.7 23.5 48.5 82.1
39.3 19.7 26.4 7.9 0.0 62.7 33.1 41.1 23.7 48.4 54.1 64.9 50.8 43.8 84.9 16.9 45.4 64.4 13.5 37.5 60.1 47.2 68.4 23.0 48.4 11.3 43.0 91.5 37.9 30.8 53.6 52.4 71.3 64.5 63.6 4.6 58.6 15.5 49.9 75.9
57.6 50.0 46.2 66.2 62.7 0.0 67.1 32.0 62.7 56.3 55.1 21.9 16.0 67.9 22.2 77.9 76.1 20.7 73.3 51.2 2.7 16.6 26.6 43.0 60.1 64.9 49.6 34.5 79.7 40.9 26.7 57.3 54.6 65.5 21.8 66.6 12.9 58.2 38.6 35.0
69.4 47.3 52.6 26.5 33.1 67.1 0.0 35.4 9.5 22.4 28.9 58.1 51.3 75.7 87.5 45.3 78.2 78.0 44.2 17.6 65.2 57.2 59.2 28.3 20.1 44.4 70.4 101.1 12.7 54.5 71.1 81.0 48.2 35.6 77.9 31.2 57.3 47.1 35.2 92.6
57.4 38.9 39.8 41.3 41.1 32.0 35.4 0.0 32.5 25.8 26.7 24.7 16.0 67.0 52.1 58.0 73.0 46.2 54.3 19.1 30.4 26.0 27.5 18.1 29.1 48.3 53.6 66.5 48.1 37.6 43.0 64.3 35.8 38.8 46.5 43.5 21.9 44.8 12.3 61.7
60.0 37.9 43.5 17.6 23.7 62.7 9.5 32.5 0.0 27.3 33.7 56.7 47.4 66.2 84.0 37.0 68.7 71.5 35.4 18.7 60.6 51.1 58.6 21.1 26.2 35.0 61.3 95.9 18.5 45.7 63.6 71.8 52.6 42.4 71.3 22.2 54.2 37.5 35.6 85.6
77.4 55.9 59.2 44.2 48.4 56.3 22.4 25.8 27.3 0.0 6.5 41.4 40.7 85.6 73.6 63.7 90.0 72.0 61.5 11.4 55.2 51.8 41.1 31.9 3.9 59.0 75.6 90.7 32.8 58.9 68.5 86.5 25.8 16.3 72.4 48.3 44.2 58.8 18.1 87.5
81.1 60.2 63.0 50.2 54.1 55.1 28.9 26.7 33.7 6.5 0.0 38.2 40.0 89.8 70.9 69.7 94.6 72.1 67.3 16.5 54.2 52.5 37.2 36.0 9.3 64.3 78.7 89.1 39.0 62.1 69.7 89.6 19.3 12.3 72.5 54.3 42.5 63.7 16.4 87.6
72.1 58.4 57.0 65.9 64.9 21.9 58.1 24.7 56.7 41.4 38.2 0.0 16.6 82.4 32.8 81.7 89.8 42.5 77.6 40.4 22.6 30.6 5.1 42.0 45.4 70.7 65.7 52.4 70.6 52.9 46.3 74.9 33.4 46.7 43.5 67.8 10.7 65.7 23.6 56.9
55.5 42.1 40.3 53.0 50.8 16.0 51.3 16.0 47.4 40.7 40.0 16.6 0.0 65.8 36.5 67.0 73.1 32.2 62.7 35.2 14.5 15.1 21.5 29.0 44.3 55.2 49.4 50.5 63.9 36.2 32.3 59.0 43.1 51.2 32.8 54.1 7.8 49.7 23.6 47.7
10.3 29.7 27.2 51.7 43.8 67.9 75.7 67.0 66.2 85.6 89.8 82.4 65.8 0.0 85.9 42.3 8.7 55.6 39.1 74.3 65.4 52.6 87.3 53.7 86.9 33.3 18.7 81.1 81.8 29.8 43.5 17.2 102.7 101.7 54.2 47.3 72.3 28.7 79.1 58.1
75.9 71.5 67.1 88.4 84.9 22.2 87.5 52.1 84.0 73.6 70.9 32.8 36.5 85.9 0.0 99.9 94.4 31.0 95.3 70.6 24.8 38.2 35.1 65.0 77.6 86.8 67.1 22.3 100.2 61.6 42.4 72.7 64.9 79.5 32.5 88.8 30.2 79.8 55.5 38.0
41.8 29.6 35.7 19.5 16.9 77.9 45.3 58.0 37.0 63.7 69.7 81.7 67.0 42.3 99.9 0.0 40.5 76.7 4.7 53.3 75.2 61.7 85.3 39.9 63.1 13.7 48.4 104.3 46.0 41.2 64.8 55.5 87.6 79.3 75.8 15.4 74.9 21.7 66.7 86.3
18.5 34.5 33.4 52.9 45.4 76.1 78.2 73.0 68.7 90.0 94.6 89.8 73.1 8.7 94.4 40.5 0.0 64.2 38.1 78.6 73.5 60.5 94.6 58.5 91.0 34.2 27.3 89.8 83.0 36.9 52.1 25.4 108.5 106.3 62.9 48.3 79.9 31.4 85.0 66.7
46.1 47.0 41.2 69.9 64.4 20.7 78.0 46.2 71.5 72.0 72.1 42.5 32.2 55.6 31.0 76.7 64.2 0.0 71.9 64.6 19.9 20.9 47.3 50.4 75.4 62.9 36.9 27.7 89.8 35.5 12.5 41.6 74.4 83.5 1.4 68.8 32.6 55.1 55.8 15.4
37.9 24.9 31.0 17.7 13.5 73.3 44.2 54.3 35.4 61.5 67.3 77.6 62.7 39.1 95.3 4.7 38.1 71.9 0.0 50.8 70.6 57.1 81.3 36.2 61.1 9.0 44.1 99.6 46.2 36.5 60.1 51.5 84.8 77.4 71.0 13.2 70.6 17.1 63.4 81.6
66.2 44.6 48.1 34.0 37.5 51.2 17.6 19.1 18.7 11.4 16.5 40.4 35.2 74.3 70.6 53.3 78.6 64.6 50.8 0.0 49.6 43.8 41.5 20.7 12.8 47.8 64.7 85.7 30.1 48.1 59.7 75.7 34.4 27.6 64.7 37.9 40.4 47.5 17.6 79.8
55.1 47.3 43.5 63.7 60.1 2.7 65.2 30.4 60.6 55.2 54.2 22.6 14.5 65.4 24.8 75.2 73.5 19.9 70.6 49.6 0.0 13.9 27.5 40.7 58.8 62.3 47.2 36.0 77.7 38.3 24.7 55.1 54.7 64.9 20.8 64.0 12.8 55.5 37.7 34.7
42.3 33.4 29.6 51.5 47.2 16.6 57.2 26.0 51.1 51.8 52.5 30.6 15.1 52.6 38.2 61.7 60.5 20.9 57.1 43.8 13.9 0.0 35.7 30.1 55.0 48.5 35.2 45.2 69.2 24.5 17.5 44.3 57.8 64.3 20.9 51.3 19.9 41.6 36.7 35.9
77.1 62.9 61.6 68.9 68.4 26.6 59.2 27.5 58.6 41.1 37.2 5.1 21.5 87.3 35.1 85.3 94.6 47.3 81.3 41.5 27.5 35.7 0.0 45.4 45.0 74.7 70.7 55.7 71.6 57.7 51.4 80.0 30.0 44.6 48.3 71.0 15.8 70.0 24.1 61.5
45.4 24.1 27.3 24.0 23.0 43.0 28.3 18.1 21.1 31.9 36.0 42.0 29.0 53.7 65.0 39.9 58.5 50.4 36.2 20.7 40.7 30.1 45.4 0.0 33.5 30.6 44.2 75.2 39.5 27.6 42.7 55.1 50.7 48.0 50.2 25.7 36.6 28.2 27.8 64.5
78.9 57.2 60.9 43.6 48.4 60.1 20.1 29.1 26.2 3.9 9.3 45.4 44.3 86.9 77.6 63.1 91.0 75.4 61.1 12.8 58.8 55.0 45.0 33.5 0.0 59.2 77.6 94.5 29.7 60.9 71.5 88.5 28.3 16.2 75.7 47.9 48.1 59.6 22.0 90.8
30.3 15.9 22.0 18.7 11.3 64.9 44.4 48.3 35.0 59.0 64.3 70.7 55.2 33.3 86.8 13.7 34.2 62.9 9.0 47.8 62.3 48.5 74.7 30.6 59.2 0.0 35.7 90.6 48.9 27.4 51.1 43.9 80.8 75.2 62.0 14.1 63.1 8.0 58.4 72.6
9.3 23.8 17.7 50.7 43.0 49.6 70.4 53.6 61.3 75.6 78.7 65.7 49.4 18.7 67.1 48.4 27.3 36.9 44.1 64.7 47.2 35.2 70.7 44.2 77.6 35.7 0.0 63.1 78.9 16.6 24.8 10.9 89.2 91.0 35.6 47.4 55.2 28.2 65.9 41.0
72.4 74.7 68.9 96.5 91.5 34.5 101.1 66.5 95.9 90.7 89.1 52.4 50.5 81.1 22.3 104.3 89.8 27.7 99.6 85.7 36.0 45.2 55.7 75.2 94.5 90.6 63.1 0.0 113.5 63.2 40.0 65.3 85.7 98.8 28.7 95.8 46.6 82.8 72.8 24.1
76.7 55.2 61.1 30.2 37.9 79.7 12.7 48.1 18.5 32.8 39.0 70.6 63.9 81.8 100.2 46.0 83.0 89.8 46.2 30.1 77.7 69.2 71.6 39.5 29.7 48.9 78.9 113.5 0.0 63.8 82.2 89.1 58.0 42.9 89.6 34.7 70.0 53.2 47.5 104.1
19.9 11.7 5.6 37.7 30.8 40.9 54.5 37.6 45.7 58.9 62.1 52.9 36.2 29.8 61.6 41.2 36.9 35.5 36.5 48.1 38.3 24.5 57.7 27.6 60.9 27.4 16.6 63.2 63.8 0.0 23.6 27.6 73.5 74.4 34.6 35.4 43.1 19.5 50.0 45.4
33.7 35.3 29.1 59.7 53.6 26.7 71.1 43.0 63.6 68.5 69.7 46.3 32.3 43.5 42.4 64.8 52.1 12.5 60.1 59.7 24.7 17.5 51.4 42.7 71.5 51.1 24.8 40.0 82.2 23.6 0.0 30.8 75.3 81.7 11.3 58.1 35.5 43.1 54.2 22.4
13.6 33.9 28.3 60.2 52.4 57.3 81.0 64.3 71.8 86.5 89.6 74.9 59.0 17.2 72.7 55.5 25.4 41.6 51.5 75.7 55.1 44.3 80.0 55.1 88.5 43.9 10.9 65.3 89.1 27.6 30.8 0.0 99.8 101.9 40.2 56.6 64.2 37.0 76.6 41.6
93.3 74.0 75.5 68.4 71.3 54.6 48.2 35.8 52.6 25.8 19.3 33.4 43.1 102.7 64.9 87.6 108.5 74.4 84.8 34.4 54.7 57.8 30.0 50.7 28.3 80.8 89.2 85.7 58.0 73.5 75.3 99.8 0.0 18.3 75.2 72.1 41.9 78.9 23.5 89.5
93.2 72.0 75.1 59.8 64.5 65.5 35.6 38.8 42.4 16.3 12.3 46.7 51.2 101.7 79.5 79.3 106.3 83.5 77.4 27.6 64.9 64.3 44.6 48.0 16.2 75.2 91.0 98.8 42.9 74.4 81.7 101.9 18.3 0.0 84.0 64.2 52.7 75.2 27.7 98.9
44.8 46.1 40.2 69.3 63.6 21.8 77.9 46.5 71.3 72.4 72.5 43.5 32.8 54.2 32.5 75.8 62.9 1.4 71.0 64.7 20.8 20.9 48.3 50.2 75.7 62.0 35.6 28.7 89.6 34.6 11.3 40.2 75.2 84.0 0.0 68.1 33.5 54.1 56.3 15.1
43.4 24.3 31.0 4.7 4.6 66.6 31.2 43.5 22.2 48.3 54.3 67.8 54.1 47.3 88.8 15.4 48.3 68.8 13.2 37.9 64.0 51.3 71.0 25.7 47.9 14.1 47.4 95.8 34.7 35.4 58.1 56.6 72.1 64.2 68.1 0.0 61.9 19.6 51.5 80.5
61.9 49.7 47.5 60.7 58.6 12.9 57.3 21.9 54.2 44.2 42.5 10.7 7.8 72.3 30.2 74.9 79.9 32.6 70.6 40.4 12.8 19.9 15.8 36.6 48.1 63.1 55.2 46.6 70.0 43.1 35.5 64.2 41.9 52.7 33.5 61.9 0.0 57.4 26.2 47.5
23.8 8.3 13.9 23.5 15.5 58.2 47.1 44.8 37.5 58.8 63.7 65.7 49.7 28.7 79.8 21.7 31.4 55.1 17.1 47.5 55.5 41.6 70.0 28.2 59.6 8.0 28.2 82.8 53.2 19.5 43.1 37.0 78.9 75.2 54.1 19.6 57.4 0.0 55.8 64.5
69.7 50.6 51.9 48.5 49.9 38.6 35.2 12.3 35.6 18.1 16.4 23.6 23.6 79.1 55.5 66.7 85.0 55.8 63.4 17.6 37.7 36.7 24.1 27.8 22.0 58.4 65.9 72.8 47.5 50.0 54.2 76.6 23.5 27.7 56.3 51.5 26.2 55.8 0.0 71.3
50.2 57.1 50.6 82.1 75.9 35.0 92.6 61.7 85.6 87.5 87.6 56.9 47.7 58.1 38.0 86.3 66.7 15.4 81.6 79.8 34.7 35.9 61.5 64.5 90.8 72.6 41.0 24.1 104.1 45.4 22.4 41.6 89.5 98.9 15.1 80.5 47.5 64.5 71.3 0.0
0         1035     
64        121      
835       876      
464       505      
476       495      
277       309      
412       443      
574       641      
518       565      
545       582      
365       409      
626       653      
235       292      
0         47       
290       364      
480       551      
40        71       
126       179      
685       725      
406       434      
255       308      
232       250      
336       394      
644       703      
370       422      
477       528      
84        159      
168       213      
426       459      
80        133      
118       181      
6         40       
898       941      
769       793      
199       260      
504       534      
261       307      
73        86       
355       412      
170       193      
