40
0.0 87.8 108.7 31.5 12.1 100.0 51.2 24.6 51.6 60.6 66.4 28.0 79.1 93.6 15.7 79.7 59.1 26.0 25.4 108.8 53.2 59.4 99.5 2.5 115.8 65.4 80.7 54.7 19.4 92.2 61.8 84.0 75.4 23.8 80.1 21.6 74.2 66.7 42.9 98.1
87.8 0.0 28.9 66.4 75.6 46.0 43.8 80.3 50.7 68.7 68.4 61.7 28.5 7.5 76.3 62.9 31.0 64.8 78.4 44.0 35.5 71.3 15.1 87.9 46.7 34.3 24.9 69.9 74.2 7.4 36.6 26.7 18.4 92.1 41.1 66.1 25.9 35.0 46.6 16.1
108.7 28.9 0.0 92.2 96.7 70.3 71.0 95.8 62.1 73.0 70.3 80.9 57.0 30.0 95.1 59.0 49.6 88.8 103.8 21.0 55.8 75.9 14.0 109.4 20.1 63.0 53.3 76.4 92.2 31.6 48.4 54.5 33.4 117.0 69.4 87.3 35.1 63.8 65.7 36.3
31.5 66.4 92.2 0.0 23.9 69.5 23.6 44.4 50.3 68.6 73.3 28.6 50.7 70.6 32.3 82.1 45.1 9.5 12.0 98.1 38.7 68.7 80.4 30.0 104.0 37.2 53.1 64.0 34.1 69.0 53.2 55.9 59.7 25.9 49.6 21.3 61.7 38.1 33.7 73.2
12.1 75.6 96.7 23.9 0.0 89.7 40.4 21.6 41.1 53.3 58.8 16.5 67.9 81.5 9.3 70.9 47.1 16.1 22.8 97.5 41.0 52.5 87.4 12.7 104.3 54.4 69.3 47.7 12.3 80.2 50.3 72.8 63.3 27.9 70.0 9.5 62.3 55.9 30.9 86.2
100.0 46.0 70.3 69.5 89.7 0.0 49.4 103.8 84.8 106.3 107.6 82.7 24.8 41.2 95.0 105.9 63.5 74.1 79.9 89.0 63.6 108.2 57.0 99.0 90.2 36.2 25.9 105.4 94.6 39.9 74.0 22.1 60.4 92.7 19.8 82.1 68.4 34.4 72.0 33.9
51.2 43.8 71.0 23.6 40.4 49.4 0.0 55.0 44.5 66.2 69.5 34.1 27.8 47.4 45.6 73.9 29.8 25.3 35.6 79.9 25.1 67.3 58.3 50.5 85.0 14.1 29.8 63.4 45.4 45.7 40.7 32.9 40.6 49.5 29.9 32.7 44.9 15.4 27.6 49.5
24.6 80.3 95.8 44.4 21.6 103.8 55.0 0.0 34.0 37.1 42.9 21.1 80.1 87.2 12.3 57.3 49.4 35.3 44.4 91.9 45.1 35.4 89.2 27.0 99.2 67.6 80.6 30.9 10.3 86.3 47.4 84.4 64.5 47.6 84.9 23.7 60.8 69.4 34.2 93.6
51.6 50.7 62.1 50.3 41.1 84.8 44.5 34.0 0.0 22.0 24.9 25.0 60.0 58.1 36.1 31.7 21.5 42.0 57.9 58.1 21.5 23.6 56.9 53.0 65.4 51.3 59.0 20.6 32.6 57.6 14.4 62.9 32.8 67.7 69.0 33.8 27.6 53.3 17.6 65.9
60.6 68.7 73.0 68.6 53.3 106.3 66.2 37.1 22.0 0.0 5.8 40.3 81.6 76.3 45.4 21.1 42.7 59.4 74.0 62.6 43.5 2.9 71.5 62.7 70.0 73.4 80.4 6.1 41.6 76.1 32.8 84.2 50.3 81.2 91.0 48.9 43.1 75.4 38.7 84.7
66.4 68.4 70.3 73.3 58.8 107.6 69.5 42.9 24.9 5.8 0.0 45.3 83.2 75.9 51.0 15.7 44.3 64.3 79.1 58.6 45.8 7.9 69.9 68.4 66.0 75.7 81.7 11.9 47.3 75.8 33.6 85.5 50.0 86.7 93.1 54.0 42.4 77.7 42.3 84.5
28.0 61.7 80.9 28.6 16.5 82.7 34.1 21.1 25.0 40.3 45.3 0.0 59.0 68.1 14.6 55.9 31.7 19.2 33.8 81.0 26.2 40.2 72.3 29.0 87.8 46.4 59.6 35.5 12.6 67.0 33.8 63.4 47.8 42.7 63.8 8.8 46.1 48.2 15.3 73.8
79.1 28.5 57.0 50.7 67.9 24.8 27.8 80.1 60.0 81.6 83.2 59.0 0.0 27.6 72.1 82.4 38.9 53.2 62.4 72.3 38.8 83.5 42.9 78.4 75.2 13.7 3.7 80.6 71.2 25.8 49.7 5.1 38.1 76.1 12.7 59.5 45.7 12.6 47.4 25.5
93.6 7.5 30.0 70.6 81.5 41.2 47.4 87.2 58.1 76.3 75.9 68.1 27.6 0.0 82.7 70.0 38.0 69.8 82.7 47.7 42.2 78.8 16.0 93.6 49.3 36.2 23.8 77.4 80.7 1.8 44.1 24.6 26.0 96.5 39.6 72.1 33.4 36.5 53.2 8.9
15.7 76.3 95.1 32.3 9.3 95.0 45.6 12.3 36.1 45.4 51.0 14.6 72.1 82.7 0.0 64.0 46.2 23.5 32.1 93.9 40.8 44.3 86.9 17.5 101.0 59.0 73.0 39.5 3.7 81.5 47.2 76.7 62.3 36.3 75.5 12.9 60.1 60.6 29.9 88.2
79.7 62.9 59.0 82.1 70.9 105.9 73.9 57.3 31.7 21.1 15.7 55.9 82.4 70.0 64.0 0.0 45.4 73.7 89.5 44.7 48.9 23.6 61.2 81.6 51.9 77.4 80.3 27.0 60.2 70.3 33.8 83.8 45.7 98.4 93.6 64.7 37.6 79.3 48.8 79.0
59.1 31.0 49.6 45.1 47.1 63.5 29.8 49.4 21.5 42.7 44.3 31.7 38.9 38.0 46.2 45.4 0.0 40.0 55.8 53.0 6.4 44.7 40.6 59.7 59.1 32.1 37.6 42.1 43.7 37.2 11.5 41.5 16.2 68.4 48.9 37.7 16.6 34.0 16.3 45.1
26.0 64.8 88.8 9.5 16.1 74.1 25.3 35.3 42.0 59.4 64.3 19.2 53.2 69.8 23.5 73.7 40.0 0.0 16.2 92.9 33.5 59.4 77.9 25.2 99.1 39.5 55.0 54.7 24.9 68.4 46.6 58.2 55.6 28.3 54.2 11.8 56.5 40.8 26.4 73.5
25.4 78.4 103.8 12.0 22.8 79.9 35.6 44.4 57.9 74.0 79.1 33.8 62.4 82.7 32.1 89.5 55.8 16.2 0.0 108.9 49.4 73.6 92.3 23.3 115.0 49.0 64.9 68.8 34.9 81.1 62.9 67.6 71.0 13.8 60.3 25.1 72.5 49.8 42.7 85.2
108.8 44.0 21.0 98.1 97.5 89.0 79.9 91.9 58.1 62.6 58.6 81.0 72.3 47.7 93.9 44.7 53.0 92.9 108.9 0.0 59.5 65.5 32.1 110.0 7.4 75.2 68.8 67.2 90.5 49.1 47.2 70.8 39.3 121.1 85.0 88.7 36.4 76.4 67.2 55.4
53.2 35.5 55.8 38.7 41.0 63.6 25.1 45.1 21.5 43.5 45.8 26.2 38.8 42.2 40.8 48.9 6.4 33.5 49.4 59.5 0.0 45.1 46.3 53.7 65.6 29.9 38.1 41.9 38.6 41.2 15.7 42.1 22.4 61.9 47.5 31.6 23.0 31.9 11.0 48.5
59.4 71.3 75.9 68.7 52.5 108.2 67.3 35.4 23.6 2.9 7.9 40.2 83.5 78.8 44.3 23.6 44.7 59.4 73.6 65.5 45.1 0.0 74.3 61.5 73.0 74.9 82.4 4.8 40.6 78.6 35.1 86.2 52.8 80.4 92.6 48.6 45.7 76.9 39.7 87.2
99.5 15.1 14.0 80.4 87.4 57.0 58.3 89.2 56.9 71.5 69.9 72.3 42.9 16.0 86.9 61.2 40.6 77.9 92.3 32.1 46.3 74.3 0.0 99.9 33.3 49.4 39.2 73.9 84.3 17.6 42.5 40.4 24.7 105.8 55.3 77.8 29.4 50.1 57.0 23.2
2.5 87.9 109.4 30.0 12.7 99.0 50.5 27.0 53.0 62.7 68.4 29.0 78.4 93.6 17.5 81.6 59.7 25.2 23.3 110.0 53.7 61.5 99.9 0.0 116.9 64.7 80.1 56.8 21.3 92.2 62.8 83.4 76.0 21.2 79.1 22.1 75.0 66.0 43.6 97.9
115.8 46.7 20.1 104.0 104.3 90.2 85.0 99.2 65.4 70.0 66.0 87.8 75.2 49.3 101.0 51.9 59.1 99.1 115.0 7.4 65.6 73.0 33.3 116.9 0.0 79.3 71.6 74.7 97.6 50.8 54.0 73.3 44.6 127.5 87.9 95.4 42.6 80.4 73.8 56.3
65.4 34.3 63.0 37.2 54.4 36.2 14.1 67.6 51.3 73.4 75.7 46.4 13.7 36.2 59.0 77.4 32.1 39.5 49.0 75.2 29.9 74.9 49.4 64.7 79.3 0.0 15.9 71.6 58.4 34.5 43.6 18.8 37.1 62.7 17.9 46.2 43.4 1.9 36.6 36.8
80.7 24.9 53.3 53.1 69.3 25.9 29.8 80.6 59.0 80.4 81.7 59.6 3.7 23.8 73.0 80.3 37.6 55.0 64.9 68.8 38.1 82.4 39.2 80.1 71.6 15.9 0.0 79.7 72.0 22.0 48.1 3.9 35.5 78.6 16.2 60.7 43.2 15.2 47.4 22.0
54.7 69.9 76.4 64.0 47.7 105.4 63.4 30.9 20.6 6.1 11.9 35.5 80.6 77.4 39.5 27.0 42.1 54.7 68.8 67.2 41.9 4.8 73.9 56.8 74.7 71.6 79.7 0.0 35.8 77.1 33.3 83.6 51.5 75.6 89.4 43.8 44.8 73.6 35.8 85.5
19.4 74.2 92.2 34.1 12.3 94.6 45.4 10.3 32.6 41.6 47.3 12.6 71.2 80.7 3.7 60.2 43.7 24.9 34.9 90.5 38.6 40.6 84.3 21.3 97.6 58.4 72.0 35.8 0.0 79.6 44.1 75.8 59.6 39.9 75.3 13.4 57.1 60.1 27.6 86.5
92.2 7.4 31.6 69.0 80.2 39.9 45.7 86.3 57.6 76.1 75.8 67.0 25.8 1.8 81.5 70.3 37.2 68.4 81.1 49.1 41.2 78.6 17.6 92.2 50.8 34.5 22.0 77.1 79.6 0.0 43.7 22.8 25.8 94.9 37.8 70.8 33.4 34.7 52.2 8.6
61.8 36.6 48.4 53.2 50.3 74.0 40.7 47.4 14.4 32.8 33.6 33.8 49.7 44.1 47.2 33.8 11.5 46.6 62.9 47.2 15.7 35.1 42.5 62.8 54.0 43.6 48.1 33.3 44.1 43.7 0.0 51.8 18.4 74.4 60.2 41.5 13.4 45.5 20.3 52.2
84.0 26.7 54.5 55.9 72.8 22.1 32.9 84.4 62.9 84.2 85.5 63.4 5.1 24.6 76.7 83.8 41.5 58.2 67.6 70.8 42.1 86.2 40.4 83.4 73.3 18.8 3.9 83.6 75.8 22.8 51.8 0.0 38.7 81.3 15.0 64.3 46.6 17.8 51.3 21.2
75.4 18.4 33.4 59.7 63.3 60.4 40.6 64.5 32.8 50.3 50.0 47.8 38.1 26.0 62.3 45.7 16.2 55.6 71.0 39.3 22.4 52.8 24.7 76.0 44.6 37.1 35.5 51.5 59.6 25.8 18.4 38.7 0.0 83.9 50.3 53.9 8.0 38.6 32.5 34.4
23.8 92.1 117.0 25.9 27.9 92.7 49.5 47.6 67.7 81.2 86.7 42.7 76.1 96.5 36.3 98.4 68.4 28.3 13.8 121.1 61.9 80.4 105.8 21.2 127.5 62.7 78.6 75.6 39.9 94.9 74.4 81.3 83.9 0.0 73.3 33.9 84.9 63.5 54.1 99.0
80.1 41.1 69.4 49.6 70.0 19.8 29.9 84.9 69.0 91.0 93.1 63.8 12.7 39.6 75.5 93.6 48.9 54.2 60.3 85.0 47.5 92.6 55.3 79.1 87.9 17.9 16.2 89.4 75.3 37.8 60.2 15.0 50.3 73.3 0.0 62.6 57.7 15.9 54.5 36.0
21.6 66.1 87.3 21.3 9.5 82.1 32.7 23.7 33.8 48.9 54.0 8.8 59.5 72.1 12.9 64.7 37.7 11.8 25.1 88.7 31.6 48.6 77.8 22.1 95.4 46.2 60.7 43.8 13.4 70.8 41.5 64.3 53.9 33.9 62.6 0.0 53.2 47.8 21.7 76.9
74.2 25.9 35.1 61.7 62.3 68.4 44.9 60.8 27.6 43.1 42.4 46.1 45.7 33.4 60.1 37.6 16.6 56.5 72.5 36.4 23.0 45.7 29.4 75.0 42.6 43.4 43.2 44.8 57.1 33.4 13.4 46.6 8.0 84.9 57.7 53.2 0.0 45.1 31.4 42.1
66.7 35.0 63.8 38.1 55.9 34.4 15.4 69.4 53.3 75.4 77.7 48.2 12.6 36.5 60.6 79.3 34.0 40.8 49.8 76.4 31.9 76.9 50.1 66.0 80.4 1.9 15.2 73.6 60.1 34.7 45.5 17.8 38.6 63.5 15.9 47.8 45.1 0.0 38.6 36.6
42.9 46.6 65.7 33.7 30.9 72.0 27.6 34.2 17.6 38.7 42.3 15.3 47.4 53.2 29.9 48.8 16.3 26.4 42.7 67.2 11.0 39.7 57.0 43.6 73.8 36.6 47.4 35.8 27.6 52.2 20.3 51.3 32.5 54.1 54.5 21.7 31.4 38.6 0.0 59.4
98.1 16.1 36.3 73.2 86.2 33.9 49.5 93.6 65.9 84.7 84.5 73.8 25.5 8.9 88.2 79.0 45.1 73.5 85.2 55.4 48.5 87.2 23.2 97.9 56.3 36.8 22.0 85.5 86.5 8.6 52.2 21.2 34.4 99.0 36.0 76.9 42.1 36.6 59.4 0.0
0         1028     
313       343      
524       543      
74        93       
0         27       
433       454      
887       894      
134       151      
249       262      
954       967      
743       763      
116       124      
365       381      
316       338      
129       138      
766       774      
221       244      
32        39       
36        65       
802       826      
263       298      
733       754      
574       600      
154       182      
547       558      
632       653      
381       402      
720       743      
686       704      
466       479      
238       250      
362       372      
491       517      
58        66       
406       427      
8         31       
286       308      
376       393      
200       217      
342       363      
