40
0.0 74.0 28.3 49.0 32.2 33.0 30.3 60.2 49.9 42.1 33.3 70.2 14.4 76.4 79.6 42.4 85.5 84.0 81.4 38.7 65.4 36.0 27.5 54.9 27.3 54.4 61.3 55.3 16.0 79.0 34.2 57.6 82.9 28.3 57.2 39.5 25.6 62.5 27.7 47.0
74.0 0.0 90.6 52.4 78.0 87.6 76.5 26.7 96.6 58.3 46.7 40.1 60.3 24.2 8.3 47.3 44.0 39.2 29.7 36.2 31.4 41.5 68.3 89.4 80.4 33.0 52.5 43.0 70.0 55.7 48.9 64.1 42.1 63.4 37.4 90.7 49.1 48.0 87.4 88.7
28.3 90.6 0.0 76.5 17.3 8.9 17.3 69.8 24.2 39.8 58.7 95.7 34.0 85.5 97.6 47.0 88.3 108.5 104.4 54.8 72.2 59.7 55.8 33.9 11.5 78.6 59.4 58.5 21.2 106.1 42.2 50.2 107.9 28.3 62.7 14.4 43.2 89.3 51.3 24.8
49.0 52.4 76.5 0.0 74.0 79.1 71.9 59.3 94.6 68.4 20.2 24.9 44.1 70.0 53.0 60.0 87.7 39.9 41.4 40.7 67.1 23.1 25.8 94.9 71.9 19.3 78.1 67.5 57.5 30.1 53.6 83.0 37.4 61.7 64.9 85.0 40.7 14.2 44.9 89.3
32.2 78.0 17.3 74.0 0.0 10.3 2.1 55.1 20.8 23.2 54.3 89.6 30.0 70.1 85.7 31.8 71.4 101.0 95.6 44.1 56.5 53.7 58.1 22.7 6.6 71.8 42.2 42.2 17.3 101.9 29.1 32.9 101.0 14.9 46.9 12.7 35.1 85.2 59.4 15.4
33.0 87.6 8.9 79.1 10.3 0.0 11.3 65.2 16.9 33.5 60.2 96.6 35.2 80.4 95.1 42.0 81.6 108.6 103.8 52.8 66.8 60.4 60.4 25.1 7.6 79.0 52.3 52.6 21.6 108.0 38.7 42.2 108.4 24.2 57.3 6.5 42.5 91.2 58.3 16.0
30.3 76.5 17.3 71.9 2.1 11.3 0.0 53.9 22.9 22.5 52.2 87.6 27.8 69.1 84.1 30.7 71.0 99.0 93.7 42.2 55.6 51.6 56.0 24.7 6.0 69.7 42.0 41.5 15.2 99.8 27.5 33.3 99.0 13.2 46.0 14.5 33.1 83.1 57.6 17.6
60.2 26.7 69.8 59.3 55.1 65.2 53.9 0.0 71.9 33.2 44.5 57.8 45.8 16.2 35.0 23.2 28.9 62.2 53.6 23.4 7.8 39.1 64.9 63.4 58.7 43.3 26.0 16.3 51.3 73.8 28.0 37.4 64.1 41.5 10.7 67.3 35.1 61.3 80.7 63.8
49.9 96.6 24.2 94.6 20.8 16.9 22.9 71.9 0.0 38.7 75.1 110.4 50.4 85.4 104.5 49.3 82.6 121.6 115.9 64.2 71.6 74.5 77.1 13.8 23.0 92.5 53.3 57.0 37.1 122.7 48.6 40.8 121.7 35.1 62.4 10.3 55.9 106.0 75.1 8.2
42.1 58.3 39.8 68.4 23.2 33.5 22.5 33.2 38.7 0.0 48.4 78.0 31.4 47.3 66.4 11.1 48.4 87.0 80.1 29.9 33.5 45.4 60.5 31.3 28.3 60.3 20.2 19.1 27.3 92.4 14.7 16.0 87.8 14.2 24.0 34.5 28.2 76.6 69.0 30.6
33.3 46.7 58.7 20.2 54.3 60.2 52.2 44.5 75.1 48.4 0.0 37.1 25.0 58.0 50.4 40.6 73.4 50.7 48.2 22.6 52.0 5.6 21.7 74.7 52.8 21.1 59.7 49.5 38.5 47.7 33.7 63.3 49.6 41.5 47.8 65.8 20.5 30.9 40.6 69.4
70.2 40.1 95.7 24.9 89.6 96.6 87.6 57.8 110.4 78.0 37.1 0.0 61.7 62.9 36.9 67.7 82.6 14.9 18.0 48.1 65.1 36.1 50.2 107.9 89.0 17.9 81.8 70.8 75.1 16.0 63.8 90.0 12.8 75.5 66.5 101.7 54.4 12.0 69.7 104.0
14.4 60.3 34.0 44.1 30.0 35.2 27.8 45.8 50.4 31.4 25.0 61.7 0.0 62.0 66.4 29.2 71.6 74.5 70.6 24.5 51.1 25.7 29.7 51.7 27.8 44.5 48.9 41.9 13.5 72.8 20.7 47.5 73.9 19.7 43.3 40.9 11.3 55.9 38.1 45.4
76.4 24.2 85.5 70.0 70.1 80.4 69.1 16.2 85.4 47.3 58.0 62.9 62.0 0.0 31.3 38.5 19.8 63.5 54.0 38.8 13.7 52.4 79.3 75.6 74.2 51.8 34.3 28.4 67.5 78.9 44.1 47.4 66.2 57.2 23.2 81.9 51.1 69.0 96.1 77.2
79.6 8.3 97.6 53.0 85.7 95.1 84.1 35.0 104.5 66.4 50.4 36.9 66.4 31.3 0.0 55.3 50.7 33.3 23.6 42.9 39.6 45.5 71.4 97.6 87.8 33.8 60.8 51.4 76.8 51.6 56.5 72.5 36.6 70.9 45.7 98.4 55.4 46.4 91.0 96.7
42.4 47.3 47.0 60.0 31.8 42.0 30.7 23.2 49.3 11.1 40.6 67.7 29.2 38.5 55.3 0.0 43.5 76.1 69.1 19.9 25.3 36.9 55.9 42.5 35.7 50.1 20.1 12.9 30.1 82.4 8.5 22.9 77.1 18.7 15.9 44.1 22.2 67.0 67.2 41.4
85.5 44.0 88.3 87.7 71.4 81.6 71.0 28.9 82.6 48.4 73.4 82.6 71.6 19.8 50.7 43.5 0.0 83.3 73.8 51.8 21.5 68.0 93.5 70.7 76.7 70.4 29.5 30.6 73.6 98.6 51.3 41.8 86.1 61.4 28.3 81.5 62.0 88.1 108.4 74.6
84.0 39.2 108.5 39.9 101.0 108.6 99.0 62.2 121.6 87.0 50.7 14.9 74.5 63.5 33.3 76.1 83.3 0.0 9.6 57.7 68.7 48.8 65.2 117.8 101.0 29.9 87.7 77.0 87.5 21.4 73.7 97.3 4.0 86.4 72.0 113.5 66.1 26.5 84.7 114.7
81.4 29.7 104.4 41.4 95.6 103.8 93.7 53.6 115.9 80.1 48.2 18.0 70.6 54.0 23.6 69.1 73.8 9.6 0.0 51.7 59.8 45.4 65.3 111.3 96.2 27.1 79.4 68.9 83.1 29.4 67.4 89.5 13.0 80.8 63.7 108.2 61.3 29.9 85.2 108.7
38.7 36.2 54.8 40.7 44.1 52.8 42.2 23.4 64.2 29.9 22.6 48.1 24.5 38.8 42.9 19.9 51.8 57.7 51.7 0.0 30.3 17.9 41.7 60.1 45.3 30.4 37.4 27.0 33.8 62.5 15.9 42.8 58.2 29.2 25.2 56.8 13.1 47.1 57.3 57.0
65.4 31.4 72.2 67.1 56.5 66.8 55.6 7.8 71.6 33.5 52.0 65.1 51.1 13.7 39.6 25.3 21.5 68.7 59.8 30.3 0.0 46.6 72.0 62.0 60.8 51.0 21.6 14.6 55.0 81.2 31.8 34.3 70.9 44.0 9.5 68.1 41.0 69.0 87.2 63.4
36.0 41.5 59.7 23.1 53.7 60.4 51.6 39.1 74.5 45.4 5.6 36.1 25.7 52.4 45.5 36.9 68.0 48.8 45.4 17.9 46.6 0.0 27.3 73.2 52.8 18.8 55.3 44.9 38.9 48.3 30.6 59.8 48.1 40.1 42.9 65.7 18.7 31.8 45.9 68.4
27.5 68.3 55.8 25.8 58.1 60.4 56.0 64.9 77.1 60.5 21.7 50.2 29.7 79.3 71.4 55.9 93.5 65.2 65.3 41.7 72.0 27.3 0.0 80.6 54.1 39.1 75.9 67.0 40.7 55.3 47.6 76.6 63.0 49.5 66.5 66.8 33.6 40.0 20.0 73.4
54.9 89.4 33.9 94.9 22.7 25.1 24.7 63.4 13.8 31.3 74.7 107.9 51.7 75.6 97.6 42.5 70.7 117.8 111.3 60.1 62.0 73.2 80.6 0.0 27.9 89.9 42.1 47.6 39.9 121.4 44.2 29.0 118.4 33.2 53.2 19.7 54.4 105.0 81.9 9.0
27.3 80.4 11.5 71.9 6.6 7.6 6.0 58.7 23.0 28.3 52.8 89.0 27.8 74.2 87.8 35.7 76.7 101.0 96.2 45.3 60.8 52.8 54.1 27.9 0.0 71.4 48.0 47.0 14.3 100.6 31.6 39.3 100.8 17.3 51.3 13.1 34.9 83.8 53.9 19.7
54.4 33.0 78.6 19.3 71.8 79.0 69.7 43.3 92.5 60.3 21.1 17.9 44.5 51.8 33.8 50.1 70.4 29.9 27.1 30.4 51.0 18.8 39.1 89.9 71.4 0.0 65.5 54.5 57.6 32.2 45.9 72.8 29.4 57.5 50.7 84.0 36.6 18.0 59.1 86.0
61.3 52.5 59.4 78.1 42.2 52.3 42.0 26.0 53.3 20.2 59.7 81.8 48.9 34.3 60.8 20.1 29.5 87.7 79.4 37.4 21.6 55.3 75.9 42.1 48.0 65.5 0.0 11.0 47.2 97.4 28.5 13.2 89.4 34.2 15.6 52.0 42.3 83.3 87.1 45.2
55.3 43.0 58.5 67.5 42.2 52.6 41.5 16.3 57.0 19.1 49.5 70.8 41.9 28.4 51.4 12.9 30.6 77.0 68.9 27.0 14.6 44.9 67.0 47.6 47.0 54.5 11.0 0.0 42.9 86.4 21.1 21.1 78.5 30.9 5.7 53.6 33.6 72.3 79.6 48.7
16.0 70.0 21.2 57.5 17.3 21.6 15.2 51.3 37.1 27.3 38.5 75.1 13.5 67.5 76.8 30.1 73.6 87.5 83.1 33.8 55.0 38.9 40.7 39.9 14.3 57.6 47.2 42.9 0.0 86.3 23.3 42.1 87.0 13.0 46.0 27.4 21.9 69.5 43.7 32.7
79.0 55.7 106.1 30.1 101.9 108.0 99.8 73.8 122.7 92.4 47.7 16.0 72.8 78.9 51.6 82.4 98.6 21.4 29.4 62.5 81.2 48.3 55.3 121.4 100.6 32.2 97.4 86.4 86.3 0.0 77.8 105.0 17.3 88.4 82.3 113.6 67.1 16.8 73.0 116.8
34.2 48.9 42.2 53.6 29.1 38.7 27.5 28.0 48.6 14.7 33.7 63.8 20.7 44.1 56.5 8.5 51.3 73.7 67.4 15.9 31.8 30.6 47.6 44.2 31.6 45.9 28.5 21.1 23.3 77.8 0.0 29.7 74.2 14.4 23.1 41.9 14.1 61.9 58.7 41.3
57.6 64.1 50.2 83.0 32.9 42.2 33.3 37.4 40.8 16.0 63.3 90.0 47.5 47.4 72.5 22.9 41.8 97.3 89.5 42.8 34.3 59.8 76.6 29.0 39.3 72.8 13.2 21.1 42.1 105.0 29.7 0.0 98.6 29.3 26.7 40.8 43.7 89.9 84.8 32.9
82.9 42.1 107.9 37.4 101.0 108.4 99.0 64.1 121.7 87.8 49.6 12.8 73.9 66.2 36.6 77.1 86.1 4.0 13.0 58.2 70.9 48.1 63.0 118.4 100.8 29.4 89.4 78.5 87.0 17.3 74.2 98.6 0.0 86.6 73.8 113.3 65.9 23.7 82.4 115.0
28.3 63.4 28.3 61.7 14.9 24.2 13.2 41.5 35.1 14.2 41.5 75.5 19.7 57.2 70.9 18.7 61.4 86.4 80.8 29.2 44.0 40.1 49.5 33.2 17.3 57.5 34.2 30.9 13.0 88.4 14.4 29.3 86.6 0.0 34.6 27.7 21.3 71.9 55.7 28.4
57.2 37.4 62.7 64.9 46.9 57.3 46.0 10.7 62.4 24.0 47.8 66.5 43.3 23.2 45.7 15.9 28.3 72.0 63.7 25.2 9.5 42.9 66.5 53.2 51.3 50.7 15.6 5.7 46.0 82.3 23.1 26.7 73.8 34.6 0.0 58.6 33.9 68.7 80.3 54.2
39.5 90.7 14.4 85.0 12.7 6.5 14.5 67.3 10.3 34.5 65.8 101.7 40.9 81.9 98.4 44.1 81.5 113.5 108.2 56.8 68.1 65.7 66.8 19.7 13.1 84.0 52.0 53.6 27.4 113.6 41.9 40.8 113.3 27.7 58.6 0.0 47.4 96.8 64.8 10.7
25.6 49.1 43.2 40.7 35.1 42.5 33.1 35.1 55.9 28.2 20.5 54.4 11.3 51.1 55.4 22.2 62.0 66.1 61.3 13.1 41.0 18.7 33.6 54.4 34.9 36.6 42.3 33.6 21.9 67.1 14.1 43.7 65.9 21.3 33.9 47.4 0.0 50.5 46.4 49.7
62.5 48.0 89.3 14.2 85.2 91.2 83.1 61.3 106.0 76.6 30.9 12.0 55.9 69.0 46.4 67.0 88.1 26.5 29.9 47.1 69.0 31.8 40.0 105.0 83.8 18.0 83.3 72.3 69.5 16.8 61.9 89.9 23.7 71.9 68.7 96.8 50.5 0.0 58.9 100.1
27.7 87.4 51.3 44.9 59.4 58.3 57.6 80.7 75.1 69.0 40.6 69.7 38.1 96.1 91.0 67.2 108.4 84.7 85.2 57.3 87.2 45.9 20.0 81.9 53.9 59.1 87.1 79.6 43.7 73.0 58.7 84.8 82.4 55.7 80.3 64.8 46.4 58.9 0.0 73.5
47.0 88.7 24.8 89.3 15.4 16.0 17.6 63.8 8.2 30.6 69.4 104.0 45.4 77.2 96.7 41.4 74.6 114.7 108.7 57.0 63.4 68.4 73.4 9.0 19.7 86.0 45.2 48.7 32.7 116.8 41.3 32.9 115.0 28.4 54.2 10.7 49.7 100.1 73.5 0.0
0         1042     
694       705      
563       584      
191       208      
585       603      
552       569      
1001      1011     
373       378      
514       530      
57        65       
136       159      
278       299      
20        39       
341       370      
311       347      
451       470      
416       422      
290       312      
295       319      
121       134      
393       404      
102       130      
226       236      
505       523      
580       605      
155       174      
640       662      
445       468      
10        32       
738       762      
70        82       
465       490      
906       928      
33        67       
379       405      
524       544      
87        111      
181       195      
822       830      
539       556      
