40
0.0 63.3 96.3 94.1 67.0 68.3 63.5 73.0 96.0 88.9 86.4 19.9 63.1 107.6 104.8 42.5 108.1 43.0 90.2 91.0 59.2 55.5 68.9 22.9 64.2 55.1 62.6 54.1 43.3 65.3 5.5 72.3 56.4 90.7 9.4 13.1 71.1 60.9 80.8 94.1
63.3 0.0 51.3 61.7 89.8 68.0 32.5 53.0 49.7 68.3 38.3 53.3 83.0 83.5 80.6 33.3 87.8 29.8 45.5 57.2 5.8 56.4 20.8 70.1 88.2 12.6 0.7 79.6 45.3 59.4 58.5 67.0 29.9 75.2 65.5 61.5 70.6 6.3 72.2 70.2
96.3 51.3 0.0 19.0 83.0 53.8 32.8 32.8 2.2 34.2 12.9 95.2 76.9 39.9 37.7 53.7 46.0 53.5 6.3 16.1 56.7 53.2 31.9 90.4 83.1 63.2 51.8 79.6 56.1 47.0 93.4 48.9 39.9 42.2 93.5 100.5 54.4 57.6 47.5 31.5
94.1 61.7 19.0 0.0 68.2 39.5 33.9 22.0 21.2 15.8 27.3 97.0 62.7 22.4 19.8 53.1 27.9 54.2 20.2 4.5 66.4 43.3 40.9 83.8 68.7 72.2 62.2 67.0 51.1 34.7 92.2 34.0 40.8 23.4 89.5 100.6 39.3 67.9 30.4 12.5
67.0 89.8 83.0 68.2 0.0 29.2 62.6 50.4 84.3 53.7 82.0 83.0 6.8 66.5 64.9 57.2 63.0 60.9 79.7 68.5 90.1 34.3 77.5 44.6 2.8 91.4 89.5 13.0 44.8 36.6 69.5 34.3 61.2 49.0 57.8 79.6 28.9 92.5 38.6 59.3
68.3 68.0 53.8 39.5 29.2 0.0 37.0 21.4 55.1 26.3 53.4 78.5 23.3 42.7 40.4 40.0 41.4 43.3 50.6 39.4 69.9 14.2 52.1 51.4 29.4 72.9 68.0 27.9 29.4 8.8 68.5 5.6 38.0 24.4 61.0 78.6 3.0 72.1 13.2 32.2
63.5 32.5 32.8 33.9 62.6 37.0 0.0 20.5 32.6 36.6 24.1 63.6 55.9 53.5 50.5 21.0 56.9 21.1 26.7 29.9 35.7 28.4 15.1 58.8 61.7 40.4 32.6 55.1 24.8 28.2 60.7 35.1 7.2 43.0 60.8 68.2 39.3 37.6 39.8 39.4
73.0 53.0 32.8 22.0 50.4 21.4 20.5 0.0 34.0 17.3 32.1 77.9 44.2 35.7 32.7 34.2 37.9 36.2 29.3 20.3 56.2 21.4 34.0 61.7 50.3 60.7 53.1 46.8 29.6 14.1 71.5 17.3 25.1 22.6 67.9 80.5 22.6 58.2 19.7 21.6
96.0 49.7 2.2 21.2 84.3 55.1 32.6 34.0 0.0 36.1 11.4 94.4 78.2 42.1 39.9 53.5 48.3 53.1 5.8 18.1 55.2 54.0 30.7 90.6 84.3 61.8 50.3 80.6 56.3 48.1 93.0 50.4 39.6 44.2 93.4 99.9 55.8 56.1 49.2 33.7
88.9 68.3 34.2 15.8 53.7 26.3 36.6 17.3 36.1 0.0 39.6 95.0 48.8 18.7 15.8 51.4 20.6 53.5 33.8 18.0 72.1 34.3 48.1 75.4 54.5 77.1 68.6 54.2 45.8 24.4 87.9 20.7 42.1 8.1 83.0 97.2 25.4 73.9 15.1 5.9
86.4 38.3 12.9 27.3 82.0 53.4 24.1 32.1 11.4 39.6 0.0 83.7 75.5 49.6 47.1 44.2 55.2 43.4 7.6 23.0 43.8 49.4 19.5 82.9 81.6 50.4 38.9 76.6 48.9 45.4 83.1 49.4 30.5 47.7 84.5 89.6 54.7 44.7 50.2 38.7
19.9 53.3 95.2 97.0 83.0 78.5 63.6 77.9 94.4 95.0 83.7 0.0 78.3 113.6 110.6 43.9 115.2 42.7 88.9 93.2 48.1 64.5 64.6 41.3 80.3 42.6 52.6 70.0 49.9 73.6 15.0 81.4 56.4 98.3 28.5 9.6 81.5 49.3 89.7 99.5
63.1 83.0 76.9 62.7 6.8 23.3 55.9 44.2 78.2 48.8 75.5 78.3 0.0 62.8 61.0 50.6 59.8 54.3 73.5 62.7 83.5 27.5 70.7 41.5 6.1 84.8 82.8 9.4 38.2 30.2 65.2 28.7 54.4 44.8 54.2 75.5 23.5 85.8 33.9 54.5
107.6 83.5 39.9 22.4 66.5 42.7 53.5 35.7 42.1 18.7 49.6 113.6 62.8 0.0 3.0 69.9 6.7 71.8 42.3 26.9 87.9 52.6 62.7 93.4 67.9 93.4 83.9 69.7 64.6 42.7 106.7 37.3 59.6 18.3 101.6 116.0 41.0 89.5 29.6 14.2
104.8 80.6 37.7 19.8 64.9 40.4 50.5 32.7 39.9 15.8 47.1 110.6 61.0 3.0 0.0 66.9 8.3 68.8 39.9 24.2 84.9 49.9 59.8 90.8 66.2 90.4 81.0 67.6 61.7 40.0 103.8 34.9 56.6 16.2 98.8 113.0 38.8 86.6 27.5 11.2
42.5 33.3 53.7 53.1 57.2 40.0 21.0 34.2 53.5 51.4 44.2 43.9 50.6 69.9 66.9 0.0 71.9 3.6 47.6 49.6 33.0 26.2 28.6 40.2 55.4 34.3 33.0 46.4 12.3 32.8 39.7 41.1 13.8 55.7 40.3 47.6 43.0 35.4 48.6 55.7
108.1 87.8 46.0 27.9 63.0 41.4 56.9 37.9 48.3 20.6 55.2 115.2 59.8 6.7 8.3 71.9 0.0 74.1 48.1 32.2 91.9 52.6 67.2 92.7 64.6 97.2 88.2 67.3 65.6 42.7 107.4 36.4 62.6 17.3 101.6 117.0 39.2 93.7 28.1 17.6
43.0 29.8 53.5 54.2 60.9 43.3 21.1 36.2 53.1 53.5 43.4 42.7 54.3 71.8 68.8 3.6 74.1 0.0 47.3 50.5 29.3 29.7 26.7 42.5 59.1 30.6 29.5 50.0 16.0 35.9 39.8 44.2 13.8 58.1 41.5 47.1 46.3 31.7 51.4 57.5
90.2 45.5 6.3 20.2 79.7 50.6 26.7 29.3 5.8 33.8 7.6 88.9 73.5 42.3 39.9 47.6 48.1 47.3 0.0 16.2 50.9 48.7 25.8 84.8 79.6 57.3 46.1 75.5 50.5 43.2 87.2 46.1 33.8 41.9 87.5 94.2 51.6 51.9 45.7 32.2
91.0 57.2 16.1 4.5 68.5 39.4 29.9 20.3 18.1 18.0 23.0 93.2 62.7 26.9 24.2 49.6 32.2 50.5 16.2 0.0 61.9 41.7 36.4 81.6 68.8 67.7 57.6 66.5 48.3 33.8 88.9 34.1 36.9 26.0 86.8 97.2 39.5 63.3 31.6 15.9
59.2 5.8 56.7 66.4 90.1 69.9 35.7 56.2 55.2 72.1 43.8 48.1 83.5 87.9 84.9 33.0 91.9 29.3 50.9 61.9 0.0 57.5 25.6 67.6 88.4 6.8 5.1 79.4 45.3 61.4 54.2 69.3 32.1 78.7 62.1 56.6 72.6 2.3 75.0 74.3
55.5 56.4 53.2 43.3 34.3 14.2 28.4 21.4 54.0 34.3 49.4 64.5 27.5 52.6 49.9 26.2 52.6 29.7 48.7 41.7 57.5 0.0 43.2 41.1 33.3 59.9 56.3 27.2 15.1 9.9 55.2 17.0 27.0 35.2 49.0 65.0 17.3 59.8 25.4 39.9
68.9 20.8 31.9 40.9 77.5 52.1 15.1 34.0 30.7 48.1 19.5 64.6 70.7 62.7 59.8 28.6 67.2 26.7 25.8 36.4 25.6 43.2 0.0 68.8 76.5 31.7 21.2 69.4 36.9 43.2 65.2 49.9 17.1 55.3 68.2 71.0 54.3 27.0 53.8 49.5
22.9 70.1 90.4 83.8 44.6 51.4 58.8 61.7 90.6 75.4 82.9 41.3 41.5 93.4 90.8 40.2 92.7 42.5 84.8 81.6 67.6 41.1 68.8 0.0 41.8 65.6 69.6 32.2 34.3 50.9 26.5 56.3 52.8 75.4 13.4 36.0 53.8 69.7 64.6 81.1
64.2 88.2 83.1 68.7 2.8 29.4 61.7 50.3 84.3 54.5 81.6 80.3 6.1 67.9 66.2 55.4 64.6 59.1 79.6 68.8 88.4 33.3 76.5 41.8 0.0 89.5 87.9 10.3 43.0 36.3 66.7 34.7 60.0 50.2 55.0 76.9 29.4 90.7 39.5 60.2
55.1 12.6 63.2 72.2 91.4 72.9 40.4 60.7 61.8 77.1 50.4 42.6 84.8 93.4 90.4 34.3 97.2 30.6 57.3 67.7 6.8 59.9 31.7 65.6 89.5 0.0 11.9 80.1 46.6 64.7 49.9 72.8 35.9 83.3 58.8 51.4 75.7 6.9 78.9 79.5
62.6 0.7 51.8 62.2 89.5 68.0 32.6 53.1 50.3 68.6 38.9 52.6 82.8 83.9 81.0 33.0 88.2 29.5 46.1 57.6 5.1 56.3 21.2 69.6 87.9 11.9 0.0 79.3 45.0 59.4 57.8 67.0 29.9 75.4 64.9 60.7 70.6 5.8 72.3 70.5
54.1 79.6 79.6 67.0 13.0 27.9 55.1 46.8 80.6 54.2 76.6 70.0 9.4 69.7 67.6 46.4 67.3 50.0 75.5 66.5 79.4 27.2 69.4 32.2 10.3 80.1 79.3 0.0 34.3 32.7 56.5 33.6 52.5 51.4 45.0 66.7 29.0 81.8 40.1 60.1
43.3 45.3 56.1 51.1 44.8 29.4 24.8 29.6 56.3 45.8 48.9 49.9 38.2 64.6 61.7 12.3 65.6 16.0 50.5 48.3 45.3 15.1 36.9 34.3 43.0 46.6 45.0 34.3 0.0 23.6 42.0 31.6 19.8 48.5 38.4 51.4 32.5 47.6 39.8 50.9
65.3 59.4 47.0 34.7 36.6 8.8 28.2 14.1 48.1 24.4 45.4 73.6 30.2 42.7 40.0 32.8 42.7 35.9 43.2 33.8 61.4 9.9 43.2 50.9 36.3 64.7 59.4 32.7 23.6 0.0 64.9 8.3 29.4 25.3 58.9 74.6 11.2 63.6 16.1 30.2
5.5 58.5 93.4 92.2 69.5 68.5 60.7 71.5 93.0 87.9 83.1 15.0 65.2 106.7 103.8 39.7 107.4 39.8 87.2 88.9 54.2 55.2 65.2 26.5 66.7 49.9 57.8 56.5 42.0 64.9 0.0 72.1 53.5 90.2 13.5 10.3 71.4 55.8 80.6 92.9
72.3 67.0 48.9 34.0 34.3 5.6 35.1 17.3 50.4 20.7 49.4 81.4 28.7 37.3 34.9 41.1 36.4 44.2 46.1 34.1 69.3 17.0 49.9 56.3 34.7 72.8 67.0 33.6 31.6 8.3 72.1 0.0 37.2 19.1 65.4 82.0 5.4 71.5 8.5 26.5
56.4 29.9 39.9 40.8 61.2 38.0 7.2 25.1 39.6 42.1 30.5 56.4 54.4 59.6 56.6 13.8 62.6 13.8 33.8 36.9 32.1 27.0 17.1 52.8 60.0 35.9 29.9 52.5 19.8 29.4 53.5 37.2 0.0 47.7 54.0 60.9 40.6 34.2 43.0 45.4
90.7 75.2 42.2 23.4 49.0 24.4 43.0 22.6 44.2 8.1 47.7 98.3 44.8 18.3 16.2 55.7 17.3 58.1 41.9 26.0 78.7 35.2 55.3 75.4 50.2 83.3 75.4 51.4 48.5 25.3 90.2 19.1 47.7 0.0 84.2 99.8 22.6 80.6 11.3 11.4
9.4 65.5 93.5 89.5 57.8 61.0 60.8 67.9 93.4 83.0 84.5 28.5 54.2 101.6 98.8 40.3 101.6 41.5 87.5 86.8 62.1 49.0 68.2 13.4 55.0 58.8 64.9 45.0 38.4 58.9 13.5 65.4 54.0 84.2 0.0 22.5 63.7 64.0 73.9 88.5
13.1 61.5 100.5 100.6 79.6 78.6 68.2 80.5 99.9 97.2 89.6 9.6 75.5 116.0 113.0 47.6 117.0 47.1 94.2 97.2 56.6 65.0 71.0 36.0 76.9 51.4 60.7 66.7 51.4 74.6 10.3 82.0 60.9 99.8 22.5 0.0 81.5 57.9 90.5 102.1
71.1 70.6 54.4 39.3 28.9 3.0 39.3 22.6 55.8 25.4 54.7 81.5 23.5 41.0 38.8 43.0 39.2 46.3 51.6 39.5 72.6 17.3 54.3 53.8 29.4 75.7 70.6 29.0 32.5 11.2 71.4 5.4 40.6 22.6 63.7 81.5 0.0 74.8 11.3 31.2
60.9 6.3 57.6 67.9 92.5 72.1 37.6 58.2 56.1 73.9 44.7 49.3 85.8 89.5 86.6 35.4 93.7 31.7 51.9 63.3 2.3 59.8 27.0 69.7 90.7 6.9 5.8 81.8 47.6 63.6 55.8 71.5 34.2 80.6 64.0 57.9 74.8 0.0 77.1 76.0
80.8 72.2 47.5 30.4 38.6 13.2 39.8 19.7 49.2 15.1 50.2 89.7 33.9 29.6 27.5 48.6 28.1 51.4 45.7 31.6 75.0 25.4 53.8 64.6 39.5 78.9 72.3 40.1 39.8 16.1 80.6 8.5 43.0 11.3 73.9 90.5 11.3 77.1 0.0 20.7
94.1 70.2 31.5 12.5 59.3 32.2 39.4 21.6 33.7 5.9 38.7 99.5 54.5 14.2 11.2 55.7 17.6 57.5 32.2 15.9 74.3 39.9 49.5 81.1 60.2 79.5 70.5 60.1 50.9 30.2 92.9 26.5 45.4 11.4 88.5 102.1 31.2 76.0 20.7 0.0
0         905      
791       841      
499       533      
470       523      
211       262      
112       148      
763       801      
145       172      
339       390      
520       553      
332       403      
6         44       
222       233      
449       472      
389       453      
278       307      
429       462      
284       325      
379       412      
382       428      
718       758      
119       148      
321       360      
67        91       
578       618      
716       775      
735       745      
235       254      
111       134      
117       178      
16        32       
127       161      
285       332      
418       467      
6         13       
670       682      
197       226      
738       775      
180       211      
411       417      
