60
0.0 12.1 62.8 11.7 61.6 62.6 22.2 34.1 42.7 17.9 53.5 66.4 35.9 43.7 45.2 29.3 48.7 35.5 59.4 36.9 24.2 37.9 40.7 62.3 16.9 21.3 38.7 42.1 15.8 55.0 35.2 37.6 64.4 49.1 14.6 36.6 44.7 62.7 15.5 37.8 30.1 27.4 36.0 44.6 27.0 32.1 37.6 63.1 27.0 80.3 44.1 64.1 51.3 9.4 60.9 50.6 49.5 27.9 53.1 13.8
12.1 0.0 72.7 22.5 60.3 70.8 32.5 41.9 35.9 28.7 63.3 75.0 25.4 55.6 39.3 32.5 60.7 43.5 71.5 48.8 12.2 33.6 52.2 55.2 14.1 25.0 50.3 53.8 20.9 67.0 37.4 49.2 73.8 53.7 6.3 48.7 45.4 72.3 24.8 37.4 20.2 17.2 39.6 48.9 39.1 36.5 49.7 74.9 39.0 86.8 55.9 73.7 48.2 10.2 52.8 39.6 39.5 21.0 65.0 7.7
62.8 72.7 0.0 51.0 65.4 14.6 40.6 74.6 77.4 60.3 9.4 11.7 84.9 48.8 75.6 83.0 49.0 74.3 45.1 50.0 84.5 68.2 26.3 89.6 79.2 77.4 54.4 53.7 72.5 31.8 48.9 29.5 4.5 36.7 77.2 36.8 52.9 2.8 47.9 94.9 79.8 89.8 86.7 38.9 47.7 43.6 45.1 56.9 40.6 33.5 51.6 3.0 68.7 72.0 93.0 98.0 92.6 71.8 50.9 68.3
11.7 22.5 51.0 0.0 57.2 51.2 10.4 37.3 44.6 18.6 41.7 54.8 42.3 37.5 46.0 37.3 42.2 38.2 51.5 31.3 34.8 37.8 29.6 63.5 28.4 29.9 34.4 37.3 24.3 45.3 29.1 26.7 52.6 40.0 26.2 27.3 39.2 50.9 4.8 47.5 36.4 39.0 43.2 35.9 20.5 24.2 30.6 57.0 17.5 69.6 38.6 52.3 49.1 21.0 63.4 57.2 54.6 31.5 46.7 20.6
61.6 60.3 65.4 57.2 0.0 52.5 54.8 94.3 31.8 75.8 59.8 57.8 48.9 89.0 27.2 90.7 92.6 95.4 97.0 84.6 64.4 27.9 67.5 30.0 74.2 82.8 88.8 90.8 77.3 85.3 28.2 67.3 62.6 29.2 66.5 74.2 18.2 62.9 52.8 97.5 48.1 73.0 97.6 28.7 74.6 34.5 81.8 106.5 67.5 51.9 91.0 63.8 14.0 68.4 35.8 53.3 45.7 41.3 96.7 52.6
62.6 70.8 14.6 51.2 52.5 0.0 41.1 80.7 68.7 64.2 15.1 5.4 78.7 58.7 66.2 86.6 59.8 80.6 57.9 58.4 81.7 59.6 33.8 78.7 79.5 80.1 63.0 63.1 74.7 44.4 40.7 36.3 10.7 25.3 76.0 44.7 42.3 11.7 47.1 97.9 74.1 88.0 91.3 28.8 53.6 36.9 53.7 69.5 45.5 21.5 61.5 12.1 57.6 72.1 82.7 90.6 84.4 65.7 62.4 65.1
22.2 32.5 40.6 10.4 54.8 41.1 0.0 43.1 48.4 24.7 31.2 44.5 49.4 34.8 48.8 46.0 39.0 43.6 46.3 29.9 44.6 40.3 20.6 66.1 38.8 39.1 33.9 36.1 33.6 37.9 26.7 18.2 42.2 33.2 36.6 21.6 36.6 40.4 7.8 56.9 43.6 49.3 51.3 29.8 19.8 20.3 27.6 53.6 12.9 60.3 36.6 41.9 49.1 31.5 66.9 64.0 60.5 37.3 43.4 29.3
34.1 41.9 74.6 37.3 94.3 80.7 43.1 0.0 76.6 18.7 67.0 82.6 67.3 31.2 79.2 16.1 35.0 1.8 47.4 26.4 49.4 72.0 48.3 96.2 31.6 18.9 23.4 26.2 21.1 51.4 66.5 45.1 77.9 76.2 38.7 37.9 76.5 75.7 42.0 27.0 62.1 46.3 14.7 72.6 27.1 61.5 30.9 44.3 35.2 101.5 29.3 77.0 85.1 31.7 94.4 80.9 81.4 61.6 37.6 47.1
42.7 35.9 77.4 44.6 31.8 68.7 48.4 76.6 0.0 60.2 69.0 74.0 17.4 81.9 4.6 68.4 86.6 78.0 94.7 75.9 35.7 9.2 67.7 19.6 49.7 60.9 79.0 81.9 56.4 85.9 28.4 66.0 76.3 43.9 41.2 69.9 27.3 75.6 42.3 72.3 18.1 44.1 75.6 39.9 65.1 34.1 74.9 101.4 60.7 76.3 83.2 76.9 17.8 45.9 18.7 23.0 16.0 15.0 91.1 29.5
17.9 28.7 60.3 18.6 75.8 64.2 24.7 18.7 60.2 0.0 51.8 66.8 53.6 28.0 62.4 22.6 33.0 19.6 44.8 21.1 39.3 54.7 34.6 79.8 24.5 17.6 21.8 25.4 14.0 43.7 47.8 31.2 63.0 57.6 28.2 26.3 57.9 61.0 23.2 34.6 48.0 39.5 27.0 53.9 14.2 42.7 23.4 46.6 19.7 84.4 27.8 62.3 67.1 20.3 78.7 68.2 67.4 45.7 37.1 31.8
53.5 63.3 9.4 41.7 59.8 15.1 31.2 67.0 69.0 51.8 0.0 15.7 75.8 43.6 67.5 74.5 44.6 66.9 43.1 43.6 75.1 59.8 19.1 82.2 69.9 68.6 48.2 48.1 63.6 29.7 40.7 22.0 11.2 30.5 67.8 30.1 45.7 9.2 38.5 86.3 70.6 80.4 78.6 31.9 39.9 34.9 38.8 54.6 32.3 36.6 46.4 10.7 61.5 62.7 85.2 89.2 83.9 62.8 47.2 58.9
66.4 75.0 11.7 54.8 57.8 5.4 44.5 82.6 74.0 66.8 15.7 0.0 83.8 59.0 71.6 89.4 59.6 82.5 56.6 59.3 86.2 65.0 34.8 84.1 83.2 83.1 63.9 63.6 77.9 43.2 46.0 37.6 7.2 30.7 80.1 45.8 47.8 9.0 50.9 100.9 79.1 92.3 93.8 34.2 55.4 41.9 54.5 68.3 47.6 21.9 61.8 8.7 63.1 75.8 88.1 95.8 89.8 70.7 61.9 69.6
35.9 25.4 84.9 42.3 48.9 78.7 49.4 67.3 17.4 53.6 75.8 83.8 0.0 79.1 22.1 56.4 84.0 68.9 93.8 72.4 20.4 22.2 70.1 33.1 37.1 49.6 74.6 77.9 46.2 87.2 38.3 67.7 84.7 55.7 28.9 69.6 41.0 83.7 41.9 58.2 5.9 28.2 63.4 51.1 62.0 41.8 72.5 98.6 59.8 89.6 79.8 85.1 34.9 35.5 29.2 14.9 14.2 13.0 88.5 22.2
43.7 55.6 48.8 37.5 89.0 58.7 34.8 31.2 81.9 28.0 43.6 59.0 79.1 0.0 83.0 45.2 5.0 30.1 17.0 6.9 67.0 74.5 25.2 100.5 52.5 43.5 7.8 5.3 41.5 20.6 61.4 23.5 52.9 63.7 56.0 15.2 70.9 50.7 39.7 57.3 73.2 67.6 45.8 61.7 17.0 54.7 7.2 19.6 21.8 80.2 2.8 51.6 84.0 48.2 100.7 93.9 91.9 69.0 9.4 56.8
45.2 39.3 75.6 46.0 27.2 66.2 48.8 79.2 4.6 62.4 67.5 71.6 22.1 83.0 0.0 71.8 87.5 80.7 95.1 77.2 39.9 8.5 67.5 17.5 53.3 64.1 80.4 83.2 59.4 85.8 26.7 66.0 74.2 41.1 44.9 70.4 24.2 73.7 43.2 76.2 22.5 48.4 78.9 37.4 66.3 33.0 75.8 102.2 61.4 72.9 84.4 74.9 13.2 49.1 18.3 26.9 19.5 18.2 92.0 32.5
29.3 32.5 83.0 37.3 90.7 86.6 46.0 16.1 68.4 22.6 74.5 89.4 56.4 45.2 71.8 0.0 49.5 18.0 62.0 39.2 36.8 65.6 57.1 87.7 19.3 7.9 37.5 40.7 13.5 64.0 64.5 53.7 85.7 77.3 27.6 48.1 74.0 83.6 42.1 12.3 52.1 32.1 7.1 73.1 36.0 60.8 43.1 60.1 42.3 106.3 43.8 85.0 79.8 22.7 85.0 68.8 70.5 53.5 52.6 39.3
48.7 60.7 49.0 42.2 92.6 59.8 39.0 35.0 86.6 33.0 44.6 59.6 84.0 5.0 87.5 49.5 0.0 33.7 12.4 11.9 72.0 79.0 27.2 105.0 57.5 48.2 12.1 8.8 46.4 18.7 65.4 26.0 53.2 66.6 61.1 18.3 74.7 51.0 44.3 61.5 78.1 72.6 49.7 65.0 22.0 58.5 11.6 14.7 26.1 81.2 5.7 51.9 88.1 53.2 105.3 98.9 96.8 73.8 4.4 61.8
35.5 43.5 74.3 38.2 95.4 80.6 43.6 1.8 78.0 19.6 66.9 82.5 68.9 30.1 80.7 18.0 33.7 0.0 46.0 25.5 51.2 73.3 48.0 97.7 33.4 20.8 22.3 25.0 22.8 50.4 67.4 44.9 77.6 76.8 40.5 37.5 77.5 75.5 42.9 28.6 63.8 48.2 16.2 73.2 27.0 62.3 30.2 42.7 35.2 101.6 28.1 76.7 86.3 33.4 95.9 82.6 83.1 63.1 36.1 48.6
59.4 71.5 45.1 51.5 97.0 57.9 46.3 47.4 94.7 44.8 43.1 56.6 93.8 17.0 95.1 62.0 12.4 46.0 0.0 23.7 83.2 86.6 29.5 112.3 69.4 60.6 24.5 21.3 58.5 13.4 71.1 29.8 49.6 69.3 72.5 24.7 79.8 47.5 52.6 74.0 87.9 84.3 62.1 68.5 32.4 64.2 21.8 11.8 34.2 78.5 18.2 48.1 94.2 64.7 113.3 108.7 106.0 82.8 10.1 71.8
36.9 48.8 50.0 31.3 84.6 58.4 29.9 26.4 75.9 21.1 43.6 59.3 72.4 6.9 77.2 39.2 11.9 25.5 23.7 0.0 60.0 68.8 24.5 94.7 45.6 37.0 4.7 6.2 34.7 25.0 56.7 22.1 53.7 60.6 49.1 13.6 66.5 51.5 33.9 51.5 66.6 60.7 40.5 58.2 10.8 50.1 4.8 26.2 17.1 79.8 7.3 52.6 78.9 41.3 94.7 87.3 85.5 62.7 16.2 50.2
24.2 12.2 84.5 34.8 64.4 81.7 44.6 49.4 35.7 39.3 75.1 86.2 20.4 67.0 39.9 36.8 72.0 51.2 83.2 60.0 0.0 36.5 64.4 53.3 17.9 30.8 61.1 64.7 28.5 79.2 45.5 61.4 85.4 62.8 11.1 60.8 52.0 83.9 36.8 37.7 17.5 8.6 43.6 57.9 50.8 46.0 61.4 85.9 51.2 96.5 67.0 85.4 51.1 19.0 49.6 31.9 34.1 23.1 76.3 16.5
37.9 33.6 68.2 37.8 27.9 59.6 40.3 72.0 9.2 54.7 59.8 65.0 22.2 74.5 8.5 65.6 79.0 73.3 86.6 68.8 36.5 0.0 59.0 25.9 47.7 57.7 72.1 74.9 52.7 77.4 19.2 57.5 67.1 35.1 39.5 61.9 19.2 66.4 34.8 70.9 20.3 45.1 72.6 30.9 58.0 25.0 67.4 93.8 52.9 68.2 76.0 67.7 14.7 42.8 26.7 31.2 24.8 13.4 83.5 26.2
40.7 52.2 26.3 29.6 67.5 33.8 20.6 48.3 67.7 34.6 19.1 34.8 70.1 25.2 67.5 57.1 27.2 48.0 29.5 24.5 64.4 59.0 0.0 84.2 55.7 52.1 29.2 29.3 47.6 18.4 42.2 3.4 29.6 40.0 55.4 10.9 50.4 27.4 28.4 69.2 64.3 68.2 60.5 39.0 21.4 35.2 19.8 39.5 15.0 55.3 27.9 28.7 65.2 49.0 85.8 84.6 80.7 57.8 30.6 49.8
62.3 55.2 89.6 63.5 30.0 78.7 66.1 96.2 19.6 79.8 82.2 84.1 33.1 100.5 17.5 87.7 105.0 97.7 112.3 94.7 53.3 25.9 84.2 0.0 68.7 80.2 98.0 100.8 75.9 102.6 42.3 82.9 87.7 53.4 60.2 87.7 36.7 87.5 60.8 90.8 36.0 61.3 94.8 50.7 83.9 49.0 93.3 119.7 78.9 81.5 101.9 88.6 21.0 65.3 6.5 29.2 22.2 34.5 109.4 49.1
16.9 14.1 79.2 28.4 74.2 79.5 38.8 31.6 49.7 24.5 69.9 83.2 37.1 52.5 53.3 19.3 57.5 33.4 69.4 45.6 17.9 47.7 55.7 68.7 0.0 12.8 45.8 49.4 11.4 67.6 50.1 52.3 80.9 65.3 8.4 49.5 58.8 79.2 32.4 23.3 32.8 15.3 26.3 60.7 38.0 48.1 47.9 70.5 41.0 97.2 52.1 80.6 62.3 7.4 65.8 49.8 51.3 35.0 61.4 21.7
21.3 25.0 77.4 29.9 82.8 80.1 39.1 18.9 60.9 17.6 68.6 83.1 49.6 43.5 64.1 7.9 48.2 20.8 60.6 37.0 30.8 57.7 52.1 80.2 12.8 0.0 36.2 39.7 5.7 60.9 56.6 48.6 79.8 69.7 20.7 43.9 66.1 77.9 34.7 17.7 44.9 27.4 14.9 65.4 31.8 53.1 40.2 60.2 37.1 99.4 42.6 79.3 71.8 15.0 77.8 62.6 63.8 45.9 51.8 31.6
38.7 50.3 54.4 34.4 88.8 63.0 33.9 23.4 79.0 21.8 48.2 63.9 74.6 7.8 80.4 37.5 12.1 22.3 24.5 4.7 61.1 72.1 29.2 98.0 45.8 36.2 0.0 3.5 34.6 28.1 60.7 26.8 58.2 65.1 50.1 18.2 70.6 56.0 37.4 49.5 68.8 61.1 38.0 62.7 14.2 54.2 9.3 24.8 21.4 84.5 6.4 57.1 82.6 42.1 97.7 89.4 87.9 65.3 15.6 52.4
42.1 53.8 53.7 37.3 90.8 63.1 36.1 26.2 81.9 25.4 48.1 63.6 77.9 5.3 83.2 40.7 8.8 25.0 21.3 6.2 64.7 74.9 29.3 100.8 49.4 39.7 3.5 0.0 38.1 26.0 62.9 27.2 57.7 66.5 53.6 18.7 72.7 55.5 40.1 52.6 72.1 64.7 40.9 64.3 16.9 56.4 9.7 21.2 23.3 84.6 3.1 56.5 85.1 45.7 100.7 92.7 91.1 68.5 12.1 55.7
15.8 20.9 72.5 24.3 77.3 74.7 33.6 21.1 56.4 14.0 63.6 77.9 46.2 41.5 59.4 13.5 46.4 22.8 58.5 34.7 28.5 52.7 47.6 75.9 11.4 5.7 34.6 38.1 0.0 57.7 50.9 44.2 74.8 64.0 17.7 40.1 60.5 72.9 29.0 23.2 41.2 26.8 20.2 59.7 28.1 47.4 37.4 59.2 32.6 93.8 40.9 74.3 66.7 10.7 73.7 59.8 60.4 41.4 50.2 26.9
55.0 67.0 31.8 45.3 85.3 44.4 37.9 51.4 85.9 43.7 29.7 43.2 87.2 20.6 85.8 64.0 18.7 50.4 13.4 25.0 79.2 77.4 18.4 102.6 67.6 60.9 28.1 26.0 57.7 0.0 60.6 19.9 36.3 57.0 69.1 18.3 68.6 34.2 45.3 76.4 81.3 81.6 65.6 56.6 29.6 53.7 20.9 25.1 28.0 65.1 23.1 34.9 83.6 61.9 104.1 101.9 98.5 75.3 19.6 66.0
35.2 37.4 48.9 29.1 28.2 40.7 26.7 66.5 28.4 47.8 40.7 46.0 38.3 61.4 26.7 64.5 65.4 67.4 71.1 56.7 45.5 19.2 42.2 42.3 50.1 56.6 60.7 62.9 50.9 60.6 0.0 41.3 47.9 17.7 43.7 47.2 10.1 47.2 24.6 72.8 34.2 53.3 71.0 12.9 46.5 6.9 54.2 79.7 39.6 51.8 63.3 48.5 23.0 43.4 44.7 49.8 43.9 25.7 69.6 30.0
37.6 49.2 29.5 26.7 67.3 36.3 18.2 45.1 66.0 31.2 22.0 37.6 67.7 23.5 66.0 53.7 26.0 44.9 29.8 22.1 61.4 57.5 3.4 82.9 52.3 48.6 26.8 27.2 44.2 19.9 41.3 0.0 32.7 40.6 52.2 8.5 49.9 30.5 25.8 65.8 61.9 65.0 57.2 39.2 18.1 34.3 17.6 39.1 11.6 57.8 26.1 31.8 64.3 45.7 84.3 82.3 78.7 55.6 29.8 47.1
64.4 73.8 4.5 52.6 62.6 10.7 42.2 77.9 76.3 63.0 11.2 7.2 84.7 52.9 74.2 85.7 53.2 77.6 49.6 53.7 85.4 67.1 29.6 87.7 80.9 79.8 58.2 57.7 74.8 36.3 47.9 32.7 0.0 34.4 78.5 40.4 51.0 2.2 49.2 97.5 79.7 91.0 89.7 37.1 50.8 43.0 48.9 61.4 43.4 28.9 55.7 1.5 66.7 73.7 91.3 97.4 91.7 71.6 55.3 69.0
49.1 53.7 36.7 40.0 29.2 25.3 33.2 76.2 43.9 57.6 30.5 30.7 55.7 63.7 41.1 77.3 66.6 76.8 69.3 60.6 62.8 35.1 40.0 53.4 65.3 69.7 65.1 66.5 64.0 57.0 17.7 40.6 34.4 0.0 59.8 48.4 17.0 34.3 35.1 86.9 51.9 70.3 83.3 4.8 52.0 17.3 57.0 79.6 43.8 34.0 66.1 35.4 32.3 58.1 57.3 66.4 59.9 43.3 70.4 46.7
14.6 6.3 77.2 26.2 66.5 76.0 36.6 38.7 41.2 28.2 67.8 80.1 28.9 56.0 44.9 27.6 61.1 40.5 72.5 49.1 11.1 39.5 55.4 60.2 8.4 20.7 50.1 53.6 17.7 69.1 43.7 52.2 78.5 59.8 0.0 50.7 51.8 76.9 29.3 31.4 24.4 12.8 34.7 55.0 40.2 42.5 50.6 74.9 41.4 92.5 56.0 78.3 54.2 7.9 57.3 42.1 43.1 26.6 65.3 14.0
36.6 48.7 36.8 27.3 74.2 44.7 21.6 37.9 69.9 26.3 30.1 45.8 69.6 15.2 70.4 48.1 18.3 37.5 24.7 13.6 60.8 61.9 10.9 87.7 49.5 43.9 18.2 18.7 40.1 18.3 47.2 8.5 40.4 48.4 50.7 0.0 56.4 38.2 28.0 60.4 63.7 63.3 50.8 46.6 12.1 40.3 9.0 32.4 9.8 66.2 17.7 39.4 70.1 43.6 88.6 84.4 81.5 58.2 22.4 47.9
44.7 45.4 52.9 39.2 18.2 42.3 36.6 76.5 27.3 57.9 45.7 47.8 41.0 70.9 24.2 74.0 74.7 77.5 79.8 66.5 52.0 19.2 50.4 36.7 58.8 66.1 70.6 72.7 60.5 68.6 10.1 49.9 51.0 17.0 51.8 56.4 0.0 50.8 34.7 81.8 38.2 60.2 80.7 13.9 56.4 16.3 63.8 88.8 49.3 49.1 73.0 51.9 15.8 52.4 40.3 50.2 43.3 29.9 78.9 37.7
62.7 72.3 2.8 50.9 62.9 11.7 40.4 75.7 75.6 61.0 9.2 9.0 83.7 50.7 73.7 83.6 51.0 75.5 47.5 51.5 83.9 66.4 27.4 87.5 79.2 77.9 56.0 55.5 72.9 34.2 47.2 30.5 2.2 34.3 76.9 38.2 50.8 0.0 47.6 95.5 78.6 89.4 87.6 36.8 48.7 42.1 46.6 59.4 41.3 30.9 53.5 1.4 66.5 71.9 91.0 96.6 91.0 70.6 53.1 67.6
15.5 24.8 47.9 4.8 52.8 47.1 7.8 42.0 42.3 23.2 38.5 50.9 41.9 39.7 43.2 42.1 44.3 42.9 52.6 33.9 36.8 34.8 28.4 60.8 32.4 34.7 37.4 40.1 29.0 45.3 24.6 25.8 49.2 35.1 29.3 28.0 34.7 47.6 0.0 52.2 36.0 41.8 48.1 31.0 23.2 19.4 32.6 59.0 18.4 65.1 41.1 49.0 45.3 24.9 61.0 56.6 53.4 30.2 48.7 21.4
37.8 37.4 94.9 47.5 97.5 97.9 56.9 27.0 72.3 34.6 86.3 100.9 58.2 57.3 76.2 12.3 61.5 28.6 74.0 51.5 37.7 70.9 69.2 90.8 23.3 17.7 49.5 52.6 23.2 76.4 72.8 65.8 97.5 86.9 31.4 60.4 81.8 95.5 52.2 0.0 54.8 30.7 12.7 82.4 48.3 69.9 55.4 71.3 54.4 117.1 55.8 96.9 85.6 29.4 87.4 68.7 71.7 58.0 64.4 45.0
30.1 20.2 79.8 36.4 48.1 74.1 43.6 62.1 18.1 48.0 70.6 79.1 5.9 73.2 22.5 52.1 78.1 63.8 87.9 66.6 17.5 20.3 64.3 36.0 32.8 44.9 68.8 72.1 41.2 81.3 34.2 61.9 79.7 51.9 24.4 63.7 38.2 78.6 36.0 54.8 0.0 26.0 59.1 47.1 56.1 37.1 66.6 92.8 53.9 85.9 73.9 80.0 34.3 30.4 32.9 20.8 19.4 8.5 82.6 16.4
27.4 17.2 89.8 39.0 73.0 88.0 49.3 46.3 44.1 39.5 80.4 92.3 28.2 67.6 48.4 32.1 72.6 48.2 84.3 60.7 8.6 45.1 68.2 61.3 15.3 27.4 61.1 64.7 26.8 81.6 53.3 65.0 91.0 70.3 12.8 63.3 60.2 89.4 41.8 30.7 26.0 0.0 38.4 65.4 52.4 53.2 62.6 85.9 54.1 103.7 67.3 90.9 59.7 19.7 57.3 37.9 41.2 31.7 76.6 23.5
36.0 39.6 86.7 43.2 97.6 91.3 51.3 14.7 75.6 27.0 78.6 93.8 63.4 45.8 78.9 7.1 49.7 16.2 62.1 40.5 43.6 72.6 60.5 94.8 26.3 14.9 38.0 40.9 20.2 65.6 71.0 57.2 89.7 83.3 34.7 50.8 80.7 87.6 48.1 12.7 59.1 38.4 0.0 79.2 39.1 67.1 44.8 58.8 46.2 111.4 44.0 88.9 86.8 29.8 92.1 75.6 77.5 60.7 52.3 46.5
44.6 48.9 38.9 35.9 28.7 28.8 29.8 72.6 39.9 53.9 31.9 34.2 51.1 61.7 37.4 73.1 65.0 73.2 68.5 58.2 57.9 30.9 39.0 50.7 60.7 65.4 62.7 64.3 59.7 56.6 12.9 39.2 37.1 4.8 55.0 46.6 13.9 36.8 31.0 82.4 47.1 65.4 79.2 0.0 49.2 12.5 54.8 78.4 41.2 38.9 64.0 38.0 29.7 53.5 54.2 62.1 55.8 38.6 68.9 41.9
27.0 39.1 47.7 20.5 74.6 53.6 19.8 27.1 65.1 14.2 39.9 55.4 62.0 17.0 66.3 36.0 22.0 27.0 32.4 10.8 50.8 58.0 21.4 83.9 38.0 31.8 14.2 16.9 28.1 29.6 46.5 18.1 50.8 52.0 40.2 12.1 56.4 48.7 23.2 48.3 56.1 52.4 39.1 49.2 0.0 40.1 10.6 36.6 8.4 74.6 18.1 49.9 68.3 32.6 83.9 76.9 74.9 51.9 26.4 39.8
32.1 36.5 43.6 24.2 34.5 36.9 20.3 61.5 34.1 42.7 34.9 41.9 41.8 54.7 33.0 60.8 58.5 62.3 64.2 50.1 46.0 25.0 35.2 49.0 48.1 53.1 54.2 56.4 47.4 53.7 6.9 34.3 43.0 17.3 42.5 40.3 16.3 42.1 19.4 69.9 37.1 53.2 67.1 12.5 40.1 0.0 47.5 72.8 33.0 50.5 56.6 43.4 30.0 40.9 51.2 54.5 49.0 28.8 62.8 29.7
37.6 49.7 45.1 30.6 81.8 53.7 27.6 30.9 74.9 23.4 38.8 54.5 72.5 7.2 75.8 43.1 11.6 30.2 21.8 4.8 61.4 67.4 19.8 93.3 47.9 40.2 9.3 9.7 37.4 20.9 54.2 17.6 48.9 57.0 50.6 9.0 63.8 46.6 32.6 55.4 66.6 62.6 44.8 54.8 10.6 47.5 0.0 26.4 14.6 75.2 9.2 47.8 76.8 43.0 93.6 87.4 85.2 62.1 16.1 50.4
63.1 74.9 56.9 57.0 106.5 69.5 53.6 44.3 101.4 46.6 54.6 68.3 98.6 19.6 102.2 60.1 14.7 42.7 11.8 26.2 85.9 93.8 39.5 119.7 70.5 60.2 24.8 21.2 59.2 25.1 79.7 39.1 61.4 79.6 74.9 32.4 88.8 59.4 59.0 71.3 92.8 85.9 58.8 78.4 36.6 72.8 26.4 0.0 40.8 90.3 18.9 59.9 102.5 66.9 120.1 113.5 111.6 88.6 10.3 76.4
27.0 39.0 40.6 17.5 67.5 45.5 12.9 35.2 60.7 19.7 32.3 47.6 59.8 21.8 61.4 42.3 26.1 35.2 34.2 17.1 51.2 52.9 15.0 78.9 41.0 37.1 21.4 23.3 32.6 28.0 39.6 11.6 43.4 43.8 41.4 9.8 49.3 41.3 18.4 54.4 53.9 54.1 46.2 41.2 8.4 33.0 14.6 40.8 0.0 66.3 23.6 42.7 62.1 34.6 79.4 74.6 71.8 48.6 30.5 38.1
80.3 86.8 33.5 69.6 51.9 21.5 60.3 101.5 76.3 84.4 36.6 21.9 89.6 80.2 72.9 106.3 81.2 101.6 78.5 79.8 96.5 68.2 55.3 81.5 97.2 99.4 84.5 84.6 93.8 65.1 51.8 57.8 28.9 34.0 92.5 66.2 49.1 30.9 65.1 117.1 85.9 103.7 111.4 38.9 74.6 50.5 75.2 90.3 66.3 0.0 83.0 30.5 61.5 89.8 86.6 99.3 92.3 77.4 83.7 80.2
44.1 55.9 51.6 38.6 91.0 61.5 36.6 29.3 83.2 27.8 46.4 61.8 79.8 2.8 84.4 43.8 5.7 28.1 18.2 7.3 67.0 76.0 27.9 101.9 52.1 42.6 6.4 3.1 40.9 23.1 63.3 26.1 55.7 66.1 56.0 17.7 73.0 53.5 41.1 55.8 73.9 67.3 44.0 64.0 18.1 56.6 9.2 18.9 23.6 83.0 0.0 54.5 85.7 48.1 102.0 94.6 92.8 70.0 9.3 57.5
64.1 73.7 3.0 52.3 63.8 12.1 41.9 77.0 76.9 62.3 10.7 8.7 85.1 51.6 74.9 85.0 51.9 76.7 48.1 52.6 85.4 67.7 28.7 88.6 80.6 79.3 57.1 56.5 74.3 34.9 48.5 31.8 1.5 35.4 78.3 39.4 51.9 1.4 49.0 96.9 80.0 90.9 88.9 38.0 49.9 43.4 47.8 59.9 42.7 30.5 54.5 0.0 67.6 73.4 92.2 97.9 92.3 72.0 53.9 69.1
51.3 48.2 68.7 49.1 14.0 57.6 49.1 85.1 17.8 67.1 61.5 63.1 34.9 84.0 13.2 79.8 88.1 86.3 94.2 78.9 51.1 14.7 65.2 21.0 62.3 71.8 82.6 85.1 66.7 83.6 23.0 64.3 66.7 32.3 54.2 70.1 15.8 66.5 45.3 85.6 34.3 59.7 86.8 29.7 68.3 30.0 76.8 102.5 62.1 61.5 85.7 67.6 0.0 57.0 25.3 39.8 32.2 28.1 92.4 40.6
9.4 10.2 72.0 21.0 68.4 72.1 31.5 31.7 45.9 20.3 62.7 75.8 35.5 48.2 49.1 22.7 53.2 33.4 64.7 41.3 19.0 42.8 49.0 65.3 7.4 15.0 42.1 45.7 10.7 61.9 43.4 45.7 73.7 58.1 7.9 43.6 52.4 71.9 24.9 29.4 30.4 19.7 29.8 53.5 32.6 40.9 43.0 66.9 34.6 89.8 48.1 73.4 57.0 0.0 63.0 49.3 49.7 30.9 57.4 16.6
60.9 52.8 93.0 63.4 35.8 82.7 66.9 94.4 18.7 78.7 85.2 88.1 29.2 100.7 18.3 85.0 105.3 95.9 113.3 94.7 49.6 26.7 85.8 6.5 65.8 77.8 97.7 100.7 73.7 104.1 44.7 84.3 91.3 57.3 57.3 88.6 40.3 91.0 61.0 87.4 32.9 57.3 92.1 54.2 83.9 51.2 93.6 120.1 79.4 86.6 102.0 92.2 25.3 63.0 0.0 23.3 16.8 32.9 109.8 47.3
50.6 39.6 98.0 57.2 53.3 90.6 64.0 80.9 23.0 68.2 89.2 95.8 14.9 93.9 26.9 68.8 98.9 82.6 108.7 87.3 31.9 31.2 84.6 29.2 49.8 62.6 89.4 92.7 59.8 101.9 49.8 82.3 97.4 66.4 42.1 84.4 50.2 96.6 56.6 68.7 20.8 37.9 75.6 62.1 76.9 54.5 87.4 113.5 74.6 99.3 94.6 97.9 39.8 49.3 23.3 0.0 7.6 26.8 103.4 37.1
49.5 39.5 92.6 54.6 45.7 84.4 60.5 81.4 16.0 67.4 83.9 89.8 14.2 91.9 19.5 70.5 96.8 83.1 106.0 85.5 34.1 24.8 80.7 22.2 51.3 63.8 87.9 91.1 60.4 98.5 43.9 78.7 91.7 59.9 43.1 81.5 43.3 91.0 53.4 71.7 19.4 41.2 77.5 55.8 74.9 49.0 85.2 111.6 71.8 92.3 92.8 92.3 32.2 49.7 16.8 7.6 0.0 23.2 101.3 35.6
27.9 21.0 71.8 31.5 41.3 65.7 37.3 61.6 15.0 45.7 62.8 70.7 13.0 69.0 18.2 53.5 73.8 63.1 82.8 62.7 23.1 13.4 57.8 34.5 35.0 45.9 65.3 68.5 41.4 75.3 25.7 55.6 71.6 43.3 26.6 58.2 29.9 70.6 30.2 58.0 8.5 31.7 60.7 38.6 51.9 28.8 62.1 88.6 48.6 77.4 70.0 72.0 28.1 30.9 32.9 26.8 23.2 0.0 78.3 14.5
53.1 65.0 50.9 46.7 96.7 62.4 43.4 37.6 91.1 37.1 47.2 61.9 88.5 9.4 92.0 52.6 4.4 36.1 10.1 16.2 76.3 83.5 30.6 109.4 61.4 51.8 15.6 12.1 50.2 19.6 69.6 29.8 55.3 70.4 65.3 22.4 78.9 53.1 48.7 64.4 82.6 76.6 52.3 68.9 26.4 62.8 16.1 10.3 30.5 83.7 9.3 53.9 92.4 57.4 109.8 103.4 101.3 78.3 0.0 66.2
13.8 7.7 68.3 20.6 52.6 65.1 29.3 47.1 29.5 31.8 58.9 69.6 22.2 56.8 32.5 39.3 61.8 48.6 71.8 50.2 16.5 26.2 49.8 49.1 21.7 31.6 52.4 55.7 26.9 66.0 30.0 47.1 69.0 46.7 14.0 47.9 37.7 67.6 21.4 45.0 16.4 23.5 46.5 41.9 39.8 29.7 50.4 76.4 38.1 80.2 57.5 69.1 40.6 16.6 47.3 37.1 35.6 14.5 66.2 0.0
0         1210     
810       823      
232       264      
0         37       
506       546      
716       737      
15        44       
952       1002     
458       490      
299       340      
211       244      
227       251      
434       452      
49        66       
530       556      
321       346      
61        75       
875       915      
141       148      
77        112      
1170      1185     
474       501      
188       210      
604       631      
370       404      
312       360      
63        97       
105       135      
369       385      
131       162      
742       769      
279       293      
232       254      
681       706      
389       410      
29        72       
640       666      
242       265      
923       937      
345       384      
782       811      
812       860      
861       898      
660       696      
77        117      
661       694      
35        60       
124       138      
22        43       
1059      1080     
61        91       
217       255      
496       522      
383       435      
548       584      
580       609      
444       490      
418       447      
156       205      
401       450      
