60
0.0 51.1 80.3 67.1 65.7 85.7 53.7 42.2 89.2 6.1 22.4 2.8 35.1 48.7 24.9 31.7 35.6 51.3 88.0 47.2 38.7 40.1 11.2 21.2 52.9 18.6 63.5 16.9 54.1 33.5 26.5 10.1 36.9 40.4 40.4 82.4 84.3 81.1 34.4 90.1 49.3 65.2 52.0 22.6 42.4 68.7 43.5 32.9 73.1 87.2 82.7 26.6 72.0 15.9 75.1 37.3 68.4 40.2 60.9 65.9
51.1 0.0 89.3 87.1 41.6 91.7 4.9 70.6 47.9 45.7 73.3 48.3 47.8 83.1 27.7 82.8 68.6 38.5 96.0 8.7 83.7 53.7 40.0 34.4 23.3 34.5 68.7 41.5 35.6 17.5 64.3 53.8 88.1 46.4 40.1 79.6 51.8 39.1 57.5 102.2 4.1 48.8 5.6 52.7 38.2 87.5 91.4 68.4 35.6 51.7 40.3 72.0 58.2 58.4 79.2 88.0 72.6 70.9 68.5 83.1
80.3 89.3 0.0 19.9 55.3 6.4 86.7 41.3 82.0 82.8 83.1 80.4 48.2 45.5 87.0 90.5 48.7 118.3 7.7 94.3 65.9 41.8 81.4 90.7 109.2 72.9 20.6 67.1 54.9 82.8 57.5 70.8 91.7 45.8 50.7 19.6 65.8 80.6 45.8 13.1 91.8 45.6 94.6 102.3 51.8 17.6 75.2 52.2 72.2 71.3 81.6 66.8 39.1 96.0 11.2 86.0 16.8 44.2 21.5 17.1
67.1 87.1 19.9 0.0 61.0 26.4 85.5 25.1 90.6 70.6 65.9 67.7 40.5 26.1 78.7 72.5 32.4 110.8 25.8 90.4 46.8 34.0 70.4 80.9 104.2 63.8 24.4 56.8 56.8 77.0 41.8 57.0 73.1 40.8 46.9 36.1 75.7 87.4 34.1 24.3 88.8 52.0 91.9 89.6 49.0 2.2 55.7 35.8 78.1 81.1 88.6 49.3 48.6 81.9 24.7 67.2 24.5 27.6 22.1 5.3
65.7 41.6 55.3 61.0 0.0 55.7 37.4 56.7 30.4 63.6 82.4 63.8 37.0 69.7 54.8 92.6 59.3 78.6 60.5 49.2 80.6 37.9 58.8 61.6 64.8 48.1 37.2 48.9 11.5 45.0 61.1 61.4 96.6 31.1 27.1 40.8 19.3 26.3 46.6 68.3 45.2 9.6 47.2 79.6 24.3 60.3 90.6 61.3 17.2 23.5 27.6 72.5 17.8 79.8 44.1 93.8 39.2 58.7 39.0 55.9
85.7 91.7 6.4 26.4 55.7 0.0 88.8 47.4 80.8 87.8 89.2 85.6 52.7 52.0 91.1 96.8 54.8 122.1 4.9 97.1 72.4 46.4 86.2 95.1 112.3 77.3 23.9 71.9 56.6 86.3 63.5 76.3 98.0 49.8 54.2 16.7 64.4 80.1 51.2 13.6 94.4 46.1 97.1 107.3 54.9 24.1 81.7 58.4 72.2 69.8 81.1 73.0 38.6 101.4 12.5 92.4 19.3 50.4 25.5 23.5
53.7 4.9 86.7 85.5 37.4 88.8 0.0 70.2 43.0 48.6 75.7 51.0 47.1 83.0 31.3 85.4 68.7 43.4 93.3 13.6 84.8 52.6 42.9 38.2 28.0 36.3 66.2 42.8 32.3 20.4 65.1 55.6 90.6 45.0 38.6 76.2 47.0 34.2 57.2 99.7 9.0 45.0 10.0 56.8 36.5 85.8 92.9 68.8 30.7 46.8 35.5 73.3 54.4 62.0 76.4 90.2 69.9 70.8 66.3 81.3
42.2 70.6 41.3 25.1 56.7 47.4 70.2 0.0 86.9 46.1 41.7 43.0 23.3 13.3 56.6 49.4 7.4 88.5 48.6 72.0 27.2 19.2 46.7 57.7 84.1 41.7 31.1 34.0 48.2 57.4 16.7 32.1 51.0 27.1 33.3 50.1 74.9 81.5 13.0 49.1 71.3 50.1 74.5 64.8 36.2 26.9 37.4 10.9 71.9 79.8 83.0 25.5 51.4 56.8 39.8 45.9 34.9 3.0 27.5 24.9
89.2 47.9 82.0 90.6 30.4 80.8 43.0 86.9 0.0 85.7 108.6 86.9 66.0 100.1 71.8 118.9 89.1 85.5 85.8 56.5 109.8 67.9 80.1 79.0 69.1 70.6 66.3 73.8 39.2 60.4 89.8 87.2 123.4 60.6 55.5 64.3 16.6 8.8 76.2 94.3 51.9 38.6 52.0 98.0 52.5 89.7 119.6 90.8 16.2 11.5 7.5 100.8 42.9 101.0 70.8 121.3 67.3 88.8 68.5 85.3
6.1 45.7 82.8 70.6 63.6 87.8 48.6 46.1 85.7 0.0 28.3 3.6 35.9 53.7 18.9 37.2 40.0 45.3 90.5 41.4 44.7 41.6 5.7 15.0 46.8 15.5 65.0 16.5 52.1 28.3 31.2 14.7 42.6 40.6 39.7 83.4 81.8 77.3 37.1 93.1 43.8 64.0 46.3 19.5 41.3 72.1 49.7 37.5 69.7 84.4 78.9 32.5 71.3 16.2 76.8 43.3 70.0 44.4 62.6 69.0
22.4 73.3 83.1 65.9 82.4 89.2 75.7 41.7 108.6 28.3 0.0 25.2 46.8 41.7 47.2 10.2 34.3 70.7 90.4 69.7 23.9 49.3 33.6 42.8 74.7 39.6 70.5 34.8 71.1 55.8 26.0 21.4 14.9 53.0 55.4 90.1 101.7 101.0 40.9 90.3 71.7 79.9 74.4 36.2 58.0 68.0 24.2 30.8 92.4 105.2 102.6 16.5 84.9 24.8 80.8 15.0 75.0 38.8 67.2 66.5
2.8 48.3 80.4 67.7 63.8 85.6 51.0 43.0 86.9 3.6 25.2 0.0 34.3 50.2 22.1 34.5 36.7 49.0 88.1 44.4 41.1 39.7 8.4 18.6 50.3 16.3 63.2 15.5 52.3 30.8 27.8 11.3 39.7 39.4 39.1 81.9 82.3 78.7 34.6 90.5 46.5 63.7 49.2 21.9 40.9 69.3 46.2 34.2 70.8 85.1 80.3 28.9 70.7 16.7 74.9 40.2 68.1 41.3 60.6 66.3
35.1 47.8 48.2 40.5 37.0 52.7 47.1 23.3 66.0 35.9 46.8 34.3 0.0 36.5 38.9 56.7 23.4 70.8 55.8 50.2 43.8 6.6 33.6 42.4 63.6 24.7 29.3 19.5 26.8 36.5 24.0 27.5 60.3 6.1 10.6 47.5 56.3 59.8 10.6 59.8 49.0 33.2 52.1 55.2 13.6 41.2 53.7 24.8 50.3 60.5 61.3 35.5 38.1 50.9 41.1 57.0 34.2 24.3 27.1 37.2
48.7 83.1 45.5 26.1 69.7 52.0 83.0 13.3 100.1 53.7 41.7 50.2 36.5 0.0 66.8 47.1 14.8 98.0 51.9 83.9 20.8 32.6 55.4 66.9 95.2 52.4 40.8 44.4 61.6 69.0 22.4 38.9 47.2 40.5 46.7 58.3 87.7 94.8 26.0 50.0 83.6 62.8 86.8 70.9 49.6 28.3 29.7 16.3 85.2 92.7 96.3 25.5 63.2 61.4 47.2 41.2 43.7 12.2 37.3 28.5
24.9 27.7 87.0 78.7 54.8 91.1 31.3 56.6 71.8 18.9 47.2 22.1 38.9 66.8 0.0 56.1 52.1 32.1 94.5 22.6 61.8 45.5 13.7 7.2 28.9 14.9 67.2 22.6 44.4 11.4 45.0 30.5 61.5 41.2 37.5 83.3 70.9 63.0 44.8 98.7 25.2 58.0 27.6 26.2 37.7 79.7 67.9 50.6 56.7 72.5 64.5 49.5 66.7 30.7 79.0 62.2 71.9 55.8 65.6 75.9
31.7 82.8 90.5 72.5 92.6 96.8 85.4 49.4 118.9 37.2 10.2 34.5 56.7 47.1 56.1 0.0 42.2 77.1 97.6 78.7 27.0 58.9 42.8 51.1 82.6 49.5 79.3 45.0 81.3 65.3 34.8 31.6 5.4 62.9 65.5 98.8 111.8 111.2 50.2 96.8 81.0 89.9 83.6 41.4 68.2 74.6 23.0 38.7 102.6 115.5 112.7 23.9 94.6 30.1 89.0 9.4 83.6 46.4 75.8 73.6
35.6 68.6 48.7 32.4 59.3 54.8 68.7 7.4 89.1 40.0 34.3 36.7 23.4 14.8 52.1 42.2 0.0 83.5 56.0 69.1 21.8 21.4 41.1 52.5 80.3 37.5 37.4 29.6 49.9 54.2 9.4 25.5 44.1 28.5 34.0 56.8 78.2 83.1 12.9 56.5 68.9 53.7 72.1 58.2 37.1 34.3 32.1 3.5 73.6 82.8 84.7 18.3 56.1 49.7 46.8 39.2 41.6 4.8 33.9 32.3
51.3 38.5 118.3 110.8 78.6 122.1 43.4 88.5 85.5 45.3 70.7 49.0 70.8 98.0 32.1 77.1 83.5 0.0 125.8 29.9 90.0 77.4 42.6 31.1 16.7 47.0 98.1 54.5 70.3 35.9 75.7 59.8 82.5 72.4 67.8 112.8 90.4 76.9 76.9 130.4 34.4 84.4 33.6 36.0 67.3 111.8 94.2 81.7 74.1 90.2 78.0 77.9 93.6 47.0 109.7 85.3 102.7 87.5 96.8 107.9
88.0 96.0 7.7 25.8 60.5 4.9 93.3 48.6 85.8 90.5 90.4 88.1 55.8 51.9 94.5 97.6 56.0 125.8 0.0 101.2 72.5 49.4 89.1 98.3 116.3 80.5 27.7 74.8 61.2 90.1 65.0 78.4 98.6 53.3 58.0 21.6 69.3 85.1 53.5 8.8 98.6 50.9 101.4 110.0 58.9 23.5 81.6 59.6 77.1 74.8 86.0 74.0 43.5 103.7 16.9 92.8 23.4 51.5 28.9 23.9
47.2 8.7 94.3 90.4 49.2 97.1 13.6 72.0 56.5 41.4 69.7 44.4 50.2 83.9 22.6 78.7 69.1 29.9 101.2 0.0 82.3 56.5 36.0 28.5 15.6 32.7 73.6 40.4 42.1 15.1 63.7 51.4 84.1 49.7 43.9 85.9 60.4 47.7 59.0 107.0 4.6 55.8 5.3 45.7 42.5 90.9 89.3 68.4 44.2 60.4 48.9 70.2 65.2 52.6 84.5 84.6 77.8 71.9 73.0 86.7
38.7 83.7 65.9 46.8 80.6 72.4 84.8 27.2 109.8 44.7 23.9 41.1 43.8 20.8 61.8 27.0 21.8 90.0 72.5 82.3 0.0 42.9 48.4 59.6 90.7 49.6 58.3 42.1 70.6 67.3 20.3 31.2 26.6 49.5 54.3 77.1 99.6 103.4 34.0 70.8 83.2 75.4 86.2 58.2 57.3 49.1 10.3 19.3 94.0 104.1 104.9 12.3 77.9 47.4 66.4 20.4 62.0 24.2 54.7 48.8
40.1 53.7 41.8 34.0 37.9 46.4 52.6 19.2 67.9 41.6 49.3 39.7 6.6 32.6 45.5 58.9 21.4 77.4 49.4 56.5 42.9 0.0 39.7 48.9 70.1 31.2 23.5 25.4 29.0 43.0 24.6 31.6 62.0 8.0 14.4 42.4 56.7 62.2 9.0 53.2 55.1 32.5 58.2 61.0 17.1 34.7 53.1 23.5 52.7 61.3 63.8 36.3 35.9 56.0 35.2 58.1 28.4 20.9 21.0 30.6
11.2 40.0 81.4 70.4 58.8 86.2 42.9 46.7 80.1 5.7 33.6 8.4 33.6 55.4 13.7 42.8 41.1 42.6 89.1 36.0 48.4 39.7 0.0 11.5 42.3 10.7 62.9 14.2 47.4 22.5 33.0 17.3 48.1 37.7 36.0 80.7 76.6 71.7 36.4 92.2 38.1 59.8 40.8 22.0 37.3 71.7 54.2 39.1 64.3 79.1 73.3 36.1 67.4 21.1 74.8 48.6 67.8 45.3 60.7 68.4
21.2 34.4 90.7 80.9 61.6 95.1 38.2 57.7 79.0 15.0 42.8 18.6 42.4 66.9 7.2 51.1 52.5 31.1 98.3 28.5 59.6 48.9 11.5 0.0 31.8 17.7 71.4 24.1 50.8 18.6 44.5 28.8 56.5 45.5 42.5 88.2 78.0 70.3 46.8 102.0 31.7 64.3 33.7 18.9 43.1 82.1 64.8 50.6 64.0 79.7 71.8 47.3 72.7 24.1 83.3 57.9 76.2 56.6 69.5 78.6
52.9 23.3 109.2 104.2 64.8 112.3 28.0 84.1 69.1 46.8 74.7 50.3 63.6 95.2 28.9 82.6 80.3 16.7 116.3 15.6 90.7 70.1 42.3 31.8 0.0 42.7 88.6 50.7 57.8 27.1 73.7 59.4 88.1 64.0 58.5 101.4 74.9 60.6 71.5 121.8 19.5 71.5 17.9 44.3 57.4 104.8 96.5 79.1 58.4 74.3 61.6 78.4 80.9 53.6 99.8 89.7 92.9 83.6 87.8 100.7
18.6 34.5 72.9 63.8 48.1 77.3 36.3 41.7 70.6 15.5 39.6 16.3 24.7 52.4 14.9 49.5 37.5 47.0 80.5 32.7 49.6 31.2 10.7 17.7 42.7 0.0 53.7 8.0 36.7 17.7 31.2 19.2 54.5 27.9 25.6 70.9 66.2 62.4 29.8 84.3 33.6 49.1 36.6 32.5 26.7 64.9 56.9 36.3 54.5 68.9 64.0 37.6 56.8 31.6 65.6 53.9 58.5 41.0 51.7 61.2
63.5 68.7 20.6 24.4 37.2 23.9 66.2 31.1 66.3 65.0 70.5 63.2 29.3 40.8 67.2 79.3 37.4 98.1 27.7 73.6 58.3 23.5 62.9 71.4 88.6 53.7 0.0 48.7 34.9 62.4 44.5 54.7 81.5 25.9 30.3 19.5 51.3 63.4 30.0 33.5 71.1 27.9 73.9 84.5 31.1 23.4 68.5 40.8 54.4 56.7 64.6 55.5 24.3 79.5 11.9 76.7 4.9 34.1 3.6 19.1
16.9 41.5 67.1 56.8 48.9 71.9 42.8 34.0 73.8 16.5 34.8 15.5 19.5 44.4 22.6 45.0 29.6 54.5 74.8 40.4 42.1 25.4 14.2 24.1 50.7 8.0 48.7 0.0 37.4 25.3 23.3 13.4 49.7 24.0 23.5 66.9 67.8 66.1 22.6 78.1 41.0 48.3 44.1 35.7 25.4 58.0 50.0 28.3 57.6 71.0 67.7 30.5 55.1 32.2 60.6 48.3 53.7 33.2 46.5 54.5
54.1 35.6 54.9 56.8 11.5 56.6 32.3 48.2 39.2 52.1 71.1 52.3 26.8 61.6 44.4 81.3 49.9 70.3 61.2 42.1 70.6 29.0 47.4 50.8 57.8 36.7 34.9 37.4 0.0 35.3 50.7 50.0 85.5 21.4 16.3 44.0 30.5 33.2 37.0 68.0 38.7 14.0 41.1 68.5 13.4 56.5 80.4 51.5 23.7 34.2 34.7 61.9 23.3 68.3 44.3 82.8 38.1 49.9 35.6 52.0
33.5 17.5 82.8 77.0 45.0 86.3 20.4 57.4 60.4 28.3 55.8 30.8 36.5 69.0 11.4 65.3 54.2 35.9 90.1 15.1 67.3 43.0 22.5 18.6 27.1 17.7 62.4 25.3 35.3 0.0 48.6 36.7 70.5 37.1 32.1 76.8 60.1 51.6 44.6 95.2 16.0 49.3 18.9 37.6 31.4 77.8 74.5 53.4 45.5 61.4 53.1 55.3 58.4 41.7 73.9 70.6 66.9 57.2 61.3 73.6
26.5 64.3 57.5 41.8 61.1 63.5 65.1 16.7 89.8 31.2 26.0 27.8 24.0 22.4 45.0 34.8 9.4 75.7 65.0 63.7 20.3 24.6 33.0 44.5 73.7 31.2 44.5 23.3 50.7 48.6 0.0 16.5 37.5 30.0 34.3 64.1 80.3 83.2 15.6 65.8 64.1 56.8 67.2 48.9 37.3 43.6 29.7 6.4 73.9 84.6 84.8 11.7 60.5 40.3 54.7 33.4 49.0 14.2 41.1 41.5
10.1 53.8 70.8 57.0 61.4 76.3 55.6 32.1 87.2 14.7 21.4 11.3 27.5 38.9 30.5 31.6 25.5 59.8 78.4 51.4 31.2 31.6 17.3 28.8 59.4 19.2 54.7 13.4 50.0 36.7 16.5 0.0 36.2 33.3 34.7 74.0 80.5 79.5 25.0 80.3 52.7 59.6 55.6 32.7 37.2 58.7 37.8 22.9 70.9 83.9 81.1 19.0 65.4 25.2 66.1 34.9 59.6 30.1 51.9 56.0
36.9 88.1 91.7 73.1 96.6 98.0 90.6 51.0 123.4 42.6 14.9 39.7 60.3 47.2 61.5 5.4 44.1 82.5 98.6 84.1 26.6 62.0 48.1 56.5 88.1 54.5 81.5 49.7 85.5 70.5 37.5 36.2 0.0 66.5 69.5 100.9 115.9 115.8 53.1 97.3 86.3 93.5 88.9 46.7 72.2 75.3 20.6 40.7 107.1 119.7 117.4 26.0 97.9 35.5 90.9 6.4 85.7 48.0 78.0 74.6
40.4 46.4 45.8 40.8 31.1 49.8 45.0 27.1 60.6 40.6 53.0 39.4 6.1 40.5 41.2 62.9 28.5 72.4 53.3 49.7 49.5 8.0 37.7 45.5 64.0 27.9 25.9 24.0 21.4 37.1 30.0 33.3 66.5 0.0 6.4 43.0 50.3 54.6 15.6 58.0 48.0 27.0 51.1 59.7 9.1 41.2 59.5 30.2 45.1 54.6 56.1 41.6 32.1 56.1 37.7 63.1 30.7 28.6 24.3 36.9
40.4 40.1 50.7 46.9 27.1 54.2 38.6 33.3 55.5 39.7 55.4 39.1 10.6 46.7 37.5 65.5 34.0 67.8 58.0 43.9 54.3 14.4 36.0 42.5 58.5 25.6 30.3 23.5 16.3 32.1 34.3 34.7 69.5 6.4 0.0 45.8 46.4 49.1 21.1 63.2 41.9 24.9 45.0 58.0 3.0 47.3 64.1 35.4 39.7 50.4 50.7 45.5 31.6 55.7 41.8 66.6 34.8 34.6 29.3 42.9
82.4 79.6 19.6 36.1 40.8 16.7 76.2 50.1 64.3 83.4 90.1 81.9 47.5 58.3 83.3 98.8 56.8 112.8 21.6 85.9 77.1 42.4 80.7 88.2 101.4 70.9 19.5 66.9 44.0 76.8 64.1 74.0 100.9 43.0 45.8 0.0 47.8 64.1 49.5 30.3 82.7 31.6 85.1 102.7 45.6 34.2 87.1 60.2 56.6 53.2 64.9 74.9 23.1 98.4 11.4 96.0 15.2 53.2 22.9 31.5
84.3 51.8 65.8 75.7 19.3 64.4 47.0 74.9 16.6 81.8 101.7 82.3 56.3 87.7 70.9 111.8 78.2 90.4 69.3 60.4 99.6 56.7 76.6 78.0 74.9 66.2 51.3 67.8 30.5 60.1 80.3 80.5 115.9 50.3 46.4 47.8 0.0 18.8 65.6 77.9 55.9 24.9 56.9 96.6 43.6 74.6 109.7 80.3 16.5 5.5 19.0 91.8 27.2 97.8 54.8 113.1 51.7 77.2 53.9 70.4
81.1 39.1 80.6 87.4 26.3 80.1 34.2 81.5 8.8 77.3 101.0 78.7 59.8 94.8 63.0 111.2 83.1 76.9 85.1 47.7 103.4 62.2 71.7 70.3 60.6 62.4 63.4 66.1 33.2 51.6 83.2 79.5 115.8 54.6 49.1 64.1 18.8 0.0 70.2 93.3 43.1 35.5 43.3 89.3 46.1 86.7 112.9 84.6 9.5 15.5 1.5 93.9 41.5 92.6 69.3 113.9 65.0 83.2 65.3 82.2
34.4 57.5 45.8 34.1 46.6 51.2 57.2 13.0 76.2 37.1 40.9 34.6 10.6 26.0 44.8 50.2 12.9 76.9 53.5 59.0 34.0 9.0 36.4 46.8 71.5 29.8 30.0 22.6 37.0 44.6 15.6 25.0 53.1 15.6 21.1 49.5 65.6 70.2 0.0 56.0 58.3 41.5 61.4 56.5 24.2 35.3 44.1 14.6 60.7 70.1 71.7 27.3 44.9 50.2 41.1 49.1 34.8 13.7 27.0 32.0
90.1 102.2 13.1 24.3 68.3 13.6 99.7 49.1 94.3 93.1 90.3 90.5 59.8 50.0 98.7 96.8 56.5 130.4 8.8 107.0 70.8 53.2 92.2 102.0 121.8 84.3 33.5 78.1 68.0 95.2 65.8 80.3 97.3 58.0 63.2 30.3 77.9 93.3 56.0 0.0 104.6 58.6 107.5 112.5 64.5 22.3 79.2 59.9 85.1 83.4 94.3 73.7 51.7 105.4 24.1 91.3 29.9 51.7 33.9 24.3
49.3 4.1 91.8 88.8 45.2 94.4 9.0 71.3 51.9 43.8 71.7 46.5 49.0 83.6 25.2 81.0 68.9 34.4 98.6 4.6 83.2 55.1 38.1 31.7 19.5 33.6 71.1 41.0 38.7 16.0 64.1 52.7 86.3 48.0 41.9 82.7 55.9 43.1 58.3 104.6 0.0 52.2 3.1 49.5 40.3 89.2 90.5 68.5 39.7 55.8 44.3 71.3 61.6 55.8 81.8 86.5 75.1 71.5 70.8 84.9
65.2 48.8 45.6 52.0 9.6 46.1 45.0 50.1 38.6 64.0 79.9 63.7 33.2 62.8 58.0 89.9 53.7 84.4 50.9 55.8 75.4 32.5 59.8 64.3 71.5 49.1 27.9 48.3 14.0 49.3 56.8 59.6 93.5 27.0 24.9 31.6 24.9 35.5 41.5 58.6 52.2 0.0 54.4 81.4 22.8 51.2 85.6 56.1 26.7 30.0 36.7 68.4 9.4 80.2 34.4 90.1 29.6 52.4 29.9 46.8
52.0 5.6 94.6 91.9 47.2 97.1 10.0 74.5 52.0 46.3 74.4 49.2 52.1 86.8 27.6 83.6 72.1 33.6 101.4 5.3 86.2 58.2 40.8 33.7 17.9 36.6 73.9 44.1 41.1 18.9 67.2 55.6 88.9 51.1 45.0 85.1 56.9 43.3 61.4 107.5 3.1 54.4 0.0 51.1 43.2 92.3 93.5 71.6 40.5 56.6 44.5 74.2 63.8 57.8 84.6 89.3 77.9 74.7 73.7 87.9
22.6 52.7 102.3 89.6 79.6 107.3 56.8 64.8 98.0 19.5 36.2 21.9 55.2 70.9 26.2 41.4 58.2 36.0 110.0 45.7 58.2 61.0 22.0 18.9 44.3 32.5 84.5 35.7 68.5 37.6 48.9 32.7 46.7 59.7 58.0 102.7 96.6 89.3 56.5 112.5 49.5 81.4 51.1 0.0 59.2 91.2 60.4 55.3 82.9 98.5 90.7 47.0 89.3 11.4 96.3 50.0 89.4 62.8 82.1 88.3
42.4 38.2 51.8 49.0 24.3 54.9 36.5 36.2 52.5 41.3 58.0 40.9 13.6 49.6 37.7 68.2 37.1 67.3 58.9 42.5 57.3 17.1 37.3 43.1 57.4 26.7 31.1 25.4 13.4 31.4 37.3 37.2 72.2 9.1 3.0 45.6 43.6 46.1 24.2 64.5 40.3 22.8 43.2 59.2 0.0 49.2 67.1 38.4 36.7 47.5 47.6 48.4 30.1 57.4 42.5 69.4 35.5 37.6 30.5 44.8
68.7 87.5 17.6 2.2 60.3 24.1 85.8 26.9 89.7 72.1 68.0 69.3 41.2 28.3 79.7 74.6 34.3 111.8 23.5 90.9 49.1 34.7 71.7 82.1 104.8 64.9 23.4 58.0 56.5 77.8 43.6 58.7 75.3 41.2 47.3 34.2 74.6 86.7 35.3 22.3 89.2 51.2 92.3 91.2 49.2 0.0 58.0 37.7 77.5 80.1 87.9 51.4 47.5 83.6 22.9 69.5 23.1 29.5 21.3 4.5
43.5 91.4 75.2 55.7 90.6 81.7 92.9 37.4 119.6 49.7 24.2 46.2 53.7 29.7 67.9 23.0 32.1 94.2 81.6 89.3 10.3 53.1 54.2 64.8 96.5 56.9 68.5 50.0 80.4 74.5 29.7 37.8 20.6 59.5 64.1 87.1 109.7 112.9 44.1 79.2 90.5 85.6 93.5 60.4 67.1 58.0 0.0 29.5 103.7 114.1 114.5 19.5 88.2 49.0 76.3 14.3 72.1 34.5 64.9 58.1
32.9 68.4 52.2 35.8 61.3 58.4 68.8 10.9 90.8 37.5 30.8 34.2 24.8 16.3 50.6 38.7 3.5 81.7 59.6 68.4 19.3 23.5 39.1 50.6 79.1 36.3 40.8 28.3 51.5 53.4 6.4 22.9 40.7 30.2 35.4 60.2 80.3 84.6 14.6 59.9 68.5 56.1 71.6 55.3 38.4 37.7 29.5 0.0 75.1 84.8 86.1 14.8 58.8 46.6 50.3 35.9 45.0 8.2 37.3 35.8
73.1 35.6 72.2 78.1 17.2 72.2 30.7 71.9 16.2 69.7 92.4 70.8 50.3 85.2 56.7 102.6 73.6 74.1 77.1 44.2 94.0 52.7 64.3 64.0 58.4 54.5 54.4 57.6 23.7 45.5 73.9 70.9 107.1 45.1 39.7 56.6 16.5 9.5 60.7 85.1 39.7 26.7 40.5 82.9 36.7 77.5 103.7 75.1 0.0 16.2 11.0 84.7 33.6 85.3 61.0 105.0 56.3 73.6 56.1 73.0
87.2 51.7 71.3 81.1 23.5 69.8 46.8 79.8 11.5 84.4 105.2 85.1 60.5 92.7 72.5 115.5 82.8 90.2 74.8 60.4 104.1 61.3 79.1 79.7 74.3 68.9 56.7 71.0 34.2 61.4 84.6 83.9 119.7 54.6 50.4 53.2 5.5 15.5 70.1 83.4 55.8 30.0 56.6 98.5 47.5 80.1 114.1 84.8 16.2 0.0 15.3 95.9 32.7 100.3 60.3 117.0 57.3 82.0 59.3 75.8
82.7 40.3 81.6 88.6 27.6 81.1 35.5 83.0 7.5 78.9 102.6 80.3 61.3 96.3 64.5 112.7 84.7 78.0 86.0 48.9 104.9 63.8 73.3 71.8 61.6 64.0 64.6 67.7 34.7 53.1 84.8 81.1 117.4 56.1 50.7 64.9 19.0 1.5 71.7 94.3 44.3 36.7 44.5 90.7 47.6 87.9 114.5 86.1 11.0 15.3 0.0 95.4 42.5 94.1 70.4 115.5 66.2 84.7 66.6 83.5
26.6 72.0 66.8 49.3 72.5 73.0 73.3 25.5 100.8 32.5 16.5 28.9 35.5 25.5 49.5 23.9 18.3 77.9 74.0 70.2 12.3 36.3 36.1 47.3 78.4 37.6 55.5 30.5 61.9 55.3 11.7 19.0 26.0 41.6 45.5 74.9 91.8 93.9 27.3 73.7 71.3 68.4 74.2 47.0 48.4 51.4 19.5 14.8 84.7 95.9 95.4 0.0 72.2 36.7 65.1 21.7 59.7 22.5 52.0 50.1
72.0 58.2 39.1 48.6 17.8 38.6 54.4 51.4 42.9 71.3 84.9 70.7 38.1 63.2 66.7 94.6 56.1 93.6 43.5 65.2 77.9 35.9 67.4 72.7 80.9 56.8 24.3 55.1 23.3 58.4 60.5 65.4 97.9 32.1 31.6 23.1 27.2 41.5 44.9 51.7 61.6 9.4 63.8 89.3 30.1 47.5 88.2 58.8 33.6 32.7 42.5 72.2 0.0 87.3 27.9 94.0 24.5 54.0 27.2 43.3
15.9 58.4 96.0 81.9 79.8 101.4 62.0 56.8 101.0 16.2 24.8 16.7 50.9 61.4 30.7 30.1 49.7 47.0 103.7 52.6 47.4 56.0 21.1 24.1 53.6 31.6 79.5 32.2 68.3 41.7 40.3 25.2 35.5 56.1 55.7 98.4 97.8 92.6 50.2 105.4 55.8 80.2 57.8 11.4 57.4 83.6 49.0 46.6 85.3 100.3 94.1 36.7 87.3 0.0 91.0 38.6 84.4 54.5 76.8 81.1
75.1 79.2 11.2 24.7 44.1 12.5 76.4 39.8 70.8 76.8 80.8 74.9 41.1 47.2 79.0 89.0 46.8 109.7 16.9 84.5 66.4 35.2 74.8 83.3 99.8 65.6 11.9 60.6 44.3 73.9 54.7 66.1 90.9 37.7 41.8 11.4 54.8 69.3 41.1 24.1 81.8 34.4 84.6 96.3 42.5 22.9 76.3 50.3 61.0 60.3 70.4 65.1 27.9 91.0 0.0 85.7 7.0 42.9 14.2 20.0
37.3 88.0 86.0 67.2 93.8 92.4 90.2 45.9 121.3 43.3 15.0 40.2 57.0 41.2 62.2 9.4 39.2 85.3 92.8 84.6 20.4 58.1 48.6 57.9 89.7 53.9 76.7 48.3 82.8 70.6 33.4 34.9 6.4 63.1 66.6 96.0 113.1 113.9 49.1 91.3 86.5 90.1 89.3 50.0 69.4 69.5 14.3 35.9 105.0 117.0 115.5 21.7 94.0 38.6 85.7 0.0 80.7 42.8 73.2 69.0
68.4 72.6 16.8 24.5 39.2 19.3 69.9 34.9 67.3 70.0 75.0 68.1 34.2 43.7 71.9 83.6 41.6 102.7 23.4 77.8 62.0 28.4 67.8 76.2 92.9 58.5 4.9 53.7 38.1 66.9 49.0 59.6 85.7 30.7 34.8 15.2 51.7 65.0 34.8 29.9 75.1 29.6 77.9 89.4 35.5 23.1 72.1 45.0 56.3 57.3 66.2 59.7 24.5 84.4 7.0 80.7 0.0 38.0 7.8 19.3
40.2 70.9 44.2 27.6 58.7 50.4 70.8 3.0 88.8 44.4 38.8 41.3 24.3 12.2 55.8 46.4 4.8 87.5 51.5 71.9 24.2 20.9 45.3 56.6 83.6 41.0 34.1 33.2 49.9 57.2 14.2 30.1 48.0 28.6 34.6 53.2 77.2 83.2 13.7 51.7 71.5 52.4 74.7 62.8 37.6 29.5 34.5 8.2 73.6 82.0 84.7 22.5 54.0 54.5 42.9 42.8 38.0 0.0 30.5 27.7
60.9 68.5 21.5 22.1 39.0 25.5 66.3 27.5 68.5 62.6 67.2 60.6 27.1 37.3 65.6 75.8 33.9 96.8 28.9 73.0 54.7 21.0 60.7 69.5 87.8 51.7 3.6 46.5 35.6 61.3 41.1 51.9 78.0 24.3 29.3 22.9 53.9 65.3 27.0 33.9 70.8 29.9 73.7 82.1 30.5 21.3 64.9 37.3 56.1 59.3 66.6 52.0 27.2 76.8 14.2 73.2 7.8 30.5 0.0 16.9
65.9 83.1 17.1 5.3 55.9 23.5 81.3 24.9 85.3 69.0 66.5 66.3 37.2 28.5 75.9 73.6 32.3 107.9 23.9 86.7 48.8 30.6 68.4 78.6 100.7 61.2 19.1 54.5 52.0 73.6 41.5 56.0 74.6 36.9 42.9 31.5 70.4 82.2 32.0 24.3 84.9 46.8 87.9 88.3 44.8 4.5 58.1 35.8 73.0 75.8 83.5 50.1 43.3 81.1 20.0 69.0 19.3 27.7 16.9 0.0
0         1189     
50        76       
779       820      
752       786      
532       561      
831       877      
63        106      
253       290      
578       590      
0         12       
379       402      
178       209      
210       242      
273       304      
25        48       
1113      1157     
245       274      
111       142      
802       814      
944       970      
292       328      
222       257      
0         18       
139       187      
103       138      
7         41       
727       774      
190       238      
479       532      
36        62       
440       464      
341       382      
367       401      
471       500      
472       502      
709       720      
647       681      
583       610      
234       262      
794       827      
55        91       
641       670      
53        89       
165       200      
496       550      
825       862      
397       440      
334       351      
550       586      
584       612      
559       604      
302       349      
867       910      
1107      1136     
733       756      
383       428      
709       748      
253       300      
1021      1042     
746       791      
