60
0.0 10.4 52.6 93.2 36.7 80.3 69.0 53.0 80.1 106.2 98.2 93.6 83.9 61.7 77.3 68.9 44.9 95.9 78.1 36.2 5.9 50.1 18.7 73.6 36.8 63.0 62.3 29.3 3.8 90.5 32.3 81.9 67.7 90.4 40.5 78.6 54.8 29.6 50.6 53.9 98.4 107.2 99.0 79.1 28.7 47.2 65.3 41.5 45.5 50.6 90.5 50.2 60.0 48.9 74.7 56.8 68.2 67.8 63.8 67.2
10.4 0.0 44.4 87.5 36.9 76.9 75.4 54.9 77.0 108.3 91.7 97.7 78.2 62.7 74.7 68.7 37.5 91.0 74.9 44.8 5.8 42.6 14.8 67.3 27.9 64.0 62.2 27.1 6.6 90.7 41.6 78.3 65.5 92.2 36.3 75.4 49.0 27.7 56.5 62.1 92.5 109.8 101.7 79.7 35.5 55.4 57.3 36.5 55.4 41.2 85.4 41.7 59.3 40.5 75.3 55.6 73.8 61.2 59.7 74.8
52.6 44.4 0.0 47.0 39.2 46.0 86.8 52.7 46.8 96.0 49.0 95.3 38.4 53.8 47.0 53.1 8.7 52.9 45.2 71.6 46.7 5.3 35.1 26.5 16.7 54.8 49.0 32.1 49.2 71.8 71.7 46.0 42.2 79.9 22.9 45.3 15.9 32.8 69.4 83.6 50.9 99.1 92.4 64.8 59.1 78.3 12.8 19.7 87.1 10.6 46.8 3.7 44.6 4.2 61.4 40.6 81.5 20.1 29.6 91.5
93.2 87.5 47.0 0.0 63.4 23.6 95.6 62.9 25.1 76.8 10.0 87.6 9.2 56.3 29.6 48.0 50.9 8.9 25.9 97.8 87.9 46.3 74.4 20.6 62.6 56.2 50.1 64.9 90.6 51.9 100.4 21.2 36.5 65.5 52.9 25.3 38.5 64.9 85.0 102.4 6.1 81.2 77.8 53.4 86.8 99.6 36.6 51.6 113.9 56.3 6.1 50.8 47.7 51.2 53.1 47.0 88.3 27.1 31.1 104.2
36.7 36.9 39.2 63.4 0.0 46.0 48.3 18.6 45.5 71.6 70.7 63.3 54.6 25.8 42.0 32.3 31.0 63.9 43.5 35.2 33.7 34.2 22.7 47.4 34.2 27.0 25.6 11.4 35.9 54.0 37.1 47.9 32.1 55.3 16.3 44.1 30.2 10.5 30.2 44.6 69.4 73.4 65.4 42.8 23.5 39.8 47.8 19.6 51.4 45.1 59.3 39.7 23.4 38.2 38.5 20.5 43.9 43.4 32.3 52.3
80.3 76.9 46.0 23.6 46.0 0.0 72.2 41.0 1.5 56.5 33.5 64.6 19.5 33.3 5.9 24.5 45.6 19.8 2.6 78.0 75.9 42.7 62.4 24.7 57.3 33.1 27.4 50.9 78.5 30.8 81.3 2.5 14.6 43.3 40.6 1.9 31.4 50.7 63.0 80.4 29.5 60.5 56.0 30.1 68.2 78.3 41.1 40.8 93.7 56.6 17.6 49.5 25.9 49.2 29.5 26.5 64.9 28.6 17.8 81.1
69.0 75.4 86.8 95.6 48.3 72.2 0.0 35.2 70.9 53.2 105.2 31.8 89.3 39.5 66.3 47.7 79.0 91.8 69.8 35.6 70.0 81.6 65.9 87.0 82.2 39.4 45.8 58.6 70.8 55.4 41.1 74.7 59.4 44.6 64.0 70.4 74.6 57.6 19.2 20.5 101.7 51.6 44.4 46.1 40.2 25.3 93.3 67.3 40.8 93.5 89.8 87.7 49.0 86.3 44.4 51.1 7.5 85.5 69.3 10.4
53.0 54.9 52.7 62.9 18.6 41.0 35.2 0.0 40.0 53.4 71.8 44.8 55.6 9.8 35.5 19.3 45.7 60.7 38.3 38.2 51.0 47.4 41.2 52.0 51.5 10.8 13.8 30.0 53.0 38.6 42.3 43.4 26.6 37.4 30.9 39.0 39.5 29.1 22.1 39.5 69.1 54.9 46.9 26.7 30.8 37.3 58.2 34.0 53.2 60.6 57.6 54.2 15.2 52.9 22.6 16.3 29.1 50.2 34.4 42.2
80.1 77.0 46.8 25.1 45.5 1.5 70.9 40.0 0.0 55.0 35.0 63.0 21.0 32.1 4.6 23.1 46.2 21.0 2.0 77.1 75.8 43.4 62.4 26.1 57.8 31.9 26.3 50.8 78.4 29.3 80.5 3.9 13.8 41.7 40.7 1.5 32.0 50.5 61.9 79.3 30.9 59.0 54.5 28.6 67.5 77.2 42.3 41.0 92.8 57.4 19.1 50.3 24.9 50.0 28.0 25.8 63.5 29.7 18.2 79.8
106.2 108.3 96.0 76.8 71.6 56.5 53.2 53.4 55.0 0.0 86.6 23.2 75.6 46.1 52.2 43.2 91.7 69.1 55.5 82.7 104.5 91.2 94.4 80.8 100.8 44.8 48.5 82.6 106.4 25.7 88.1 58.2 53.9 16.5 79.5 55.8 80.0 81.8 61.1 72.5 81.3 4.6 8.8 31.2 80.7 75.4 95.3 81.7 92.6 105.9 70.8 98.7 52.6 97.8 35.0 56.9 47.6 83.2 67.2 63.4
98.2 91.7 49.0 10.0 70.7 33.5 105.2 71.8 35.0 86.6 0.0 97.7 16.3 65.7 39.5 57.7 54.3 17.6 35.8 105.7 92.7 49.4 79.5 24.6 65.5 65.7 59.4 71.0 95.4 61.9 107.9 31.1 45.8 75.5 58.7 35.1 43.5 71.1 93.9 111.1 5.7 91.0 87.8 63.5 94.3 108.0 37.1 57.0 121.9 57.2 16.2 52.6 56.7 53.3 63.1 55.7 97.9 30.5 38.7 113.5
93.6 97.7 95.3 87.6 63.3 64.6 31.8 44.8 63.0 23.2 97.7 0.0 84.0 41.4 59.1 43.7 89.3 81.3 62.8 65.0 93.1 90.1 85.2 86.1 96.2 40.4 46.3 74.7 94.5 37.1 70.6 66.8 56.7 22.9 75.1 63.3 80.2 73.8 44.2 52.2 93.0 20.5 14.9 34.5 65.8 56.1 97.7 77.9 72.5 104.2 81.4 97.3 50.7 96.2 36.1 54.6 27.8 86.9 69.8 41.3
83.9 78.2 38.4 9.2 54.6 19.5 89.3 55.6 21.0 75.6 16.3 84.0 0.0 49.8 24.9 42.3 41.8 14.6 21.2 89.4 78.6 37.3 65.1 11.9 53.6 49.9 43.5 55.7 81.3 50.0 91.8 17.5 29.9 62.8 43.6 20.6 29.2 55.8 77.6 94.8 14.8 79.7 75.5 49.5 78.2 91.7 29.0 42.3 105.6 48.1 8.6 42.2 40.5 42.5 48.4 39.4 82.2 18.3 22.4 97.4
61.7 62.7 53.8 56.3 25.8 33.3 39.5 9.8 32.1 46.1 65.7 41.4 49.8 0.0 27.5 9.8 47.9 53.1 30.7 47.8 59.3 48.7 48.4 48.2 55.6 1.2 6.3 36.5 61.4 29.0 52.0 35.8 19.9 29.7 34.2 31.4 39.0 35.6 30.1 47.4 62.4 48.2 40.5 17.3 40.6 45.9 57.1 36.8 62.5 62.8 50.6 55.9 10.0 54.8 13.0 13.4 32.4 47.5 30.6 47.8
77.3 74.7 47.0 29.6 42.0 5.9 66.3 35.5 4.6 52.2 39.5 59.1 24.9 27.5 0.0 18.5 45.5 25.6 3.7 73.0 73.2 43.2 59.9 28.5 56.8 27.2 21.8 48.1 75.7 26.5 76.5 8.4 9.9 38.2 38.7 4.3 31.6 47.7 57.3 74.8 35.5 56.1 51.1 24.5 63.6 72.8 43.8 39.3 88.5 57.6 23.6 50.4 20.7 49.9 23.6 21.9 58.9 31.4 17.5 75.2
68.9 68.7 53.1 48.0 32.3 24.5 47.7 19.3 23.1 43.2 57.7 43.7 42.3 9.8 18.5 0.0 48.5 44.1 22.0 57.5 65.9 48.2 54.0 42.7 57.7 9.2 6.6 41.7 68.2 21.9 61.6 27.0 13.1 26.9 36.6 22.7 37.4 41.0 39.8 57.1 54.0 46.1 39.3 11.9 49.8 55.8 54.2 38.6 72.3 62.9 42.1 55.7 9.7 54.7 8.3 13.9 40.3 43.2 26.1 56.7
44.9 37.5 8.7 50.9 31.0 45.6 79.0 45.7 46.2 91.7 54.3 89.3 41.8 47.9 45.5 48.5 0.0 55.6 44.3 62.8 39.1 5.1 26.9 30.3 11.9 49.0 43.7 23.3 41.8 68.6 62.9 46.1 39.1 75.4 15.0 44.6 14.1 24.0 61.2 75.0 55.4 94.6 87.6 60.5 50.4 69.6 20.5 11.8 78.3 14.9 49.7 8.7 39.4 7.3 56.8 35.2 74.0 23.9 28.0 83.3
95.9 91.0 52.9 8.9 63.9 19.8 91.8 60.7 21.0 69.1 17.6 81.3 14.6 53.1 25.6 44.1 55.6 0.0 22.4 97.2 90.9 51.4 77.3 26.5 67.6 52.9 47.3 66.9 93.6 44.8 100.2 17.3 34.2 58.7 55.3 21.7 42.2 66.8 82.8 100.2 12.2 73.6 70.7 47.8 86.9 97.9 43.6 54.5 113.1 62.7 6.0 56.7 45.5 56.9 48.1 45.7 84.4 32.7 32.2 100.8
78.1 74.9 45.2 25.9 43.5 2.6 69.8 38.3 2.0 55.5 35.8 62.8 21.2 30.7 3.7 22.0 44.3 22.4 0.0 75.3 73.7 41.7 60.3 25.3 55.9 30.6 24.8 48.7 76.3 29.8 78.7 5.0 12.0 41.8 38.7 0.7 30.2 48.4 60.3 77.8 31.9 59.5 54.7 28.2 65.6 75.6 41.1 39.0 91.1 55.8 20.0 48.7 23.2 48.3 27.3 23.9 62.4 28.6 16.3 78.5
36.2 44.8 71.6 97.8 35.2 78.0 35.6 38.2 77.1 82.7 105.7 65.0 89.4 47.8 73.0 57.5 62.8 97.2 75.3 0.0 39.0 67.1 40.4 82.6 61.0 48.6 51.9 39.5 38.9 75.0 5.6 80.3 63.3 69.5 50.2 76.0 65.2 38.8 21.5 17.9 103.9 82.4 74.3 63.2 12.4 11.2 81.9 53.1 16.2 74.6 93.2 71.0 52.3 69.5 59.5 51.5 37.3 78.6 66.9 31.6
5.9 5.8 46.7 87.9 33.7 75.9 70.0 51.0 75.8 104.5 92.7 93.1 78.6 59.3 73.2 65.9 39.1 90.9 73.7 39.0 0.0 44.3 13.6 68.1 30.8 60.6 59.3 25.1 2.7 87.7 35.8 77.3 63.7 88.5 35.6 74.3 49.4 25.5 51.2 56.4 93.1 105.8 97.6 76.5 30.0 49.6 59.4 36.4 49.8 44.6 85.4 44.3 56.7 43.0 72.2 53.3 68.6 62.2 59.1 69.2
50.1 42.6 5.3 46.3 34.2 42.7 81.6 47.4 43.4 91.2 49.4 90.1 37.3 48.7 43.2 48.2 5.1 51.4 41.7 67.1 44.3 0.0 32.0 25.6 16.3 49.6 44.0 27.6 46.9 67.4 67.4 43.0 37.8 75.1 17.8 41.9 11.6 28.3 64.2 78.6 50.7 94.3 87.5 60.0 54.6 73.4 15.4 14.5 82.7 14.7 45.4 7.4 39.6 6.7 56.5 35.5 76.3 19.2 25.7 86.3
18.7 14.8 35.1 74.4 22.7 62.4 65.9 41.2 62.4 94.4 79.5 85.2 65.1 48.4 59.9 54.0 26.9 77.3 60.3 40.4 13.6 32.0 0.0 54.8 21.2 49.7 47.5 12.3 16.2 76.0 38.9 63.8 50.7 78.0 22.0 60.8 36.0 12.9 46.6 55.9 79.7 96.1 88.1 65.1 28.7 49.5 47.4 22.8 54.2 35.4 71.8 33.3 44.5 31.9 60.8 40.8 63.1 49.1 45.5 67.0
73.6 67.3 26.5 20.6 47.4 24.7 87.0 52.0 26.1 80.8 24.6 86.1 11.9 48.2 28.5 42.7 30.3 26.5 25.3 82.6 68.1 25.6 54.8 0.0 41.9 48.6 41.9 46.5 70.8 55.1 84.4 23.7 29.5 66.5 34.2 25.1 18.9 46.7 73.3 90.0 25.2 84.6 79.4 52.0 70.8 86.2 17.6 32.4 98.9 36.2 20.4 30.3 38.2 30.6 50.0 35.8 80.3 6.4 17.7 94.2
36.8 27.9 16.7 62.6 34.2 57.3 82.2 51.5 57.8 100.8 65.5 96.2 53.6 55.6 56.8 57.7 11.9 67.6 55.9 61.0 30.8 16.3 21.2 41.9 0.0 56.7 52.3 23.7 33.2 78.7 60.0 57.9 49.7 84.3 21.4 56.2 26.0 24.6 63.5 75.2 66.9 103.4 96.0 69.7 48.8 69.2 29.6 19.1 75.3 14.2 61.6 13.8 48.2 12.6 65.8 43.9 78.1 35.5 39.5 85.1
63.0 64.0 54.8 56.2 27.0 33.1 39.4 10.8 31.9 44.8 65.7 40.4 49.9 1.2 27.2 9.2 49.0 52.9 30.6 48.6 60.6 49.6 49.7 48.6 56.7 0.0 6.6 37.7 62.7 27.8 53.0 35.6 20.0 28.4 35.3 31.3 39.9 36.9 30.6 47.9 62.3 46.9 39.3 16.1 41.6 46.6 57.9 37.9 63.2 63.8 50.5 56.9 10.7 55.8 11.8 14.3 32.2 48.1 31.1 47.9
62.3 62.2 49.0 50.1 25.6 27.4 45.8 13.8 26.3 48.5 59.4 46.3 43.5 6.3 21.8 6.6 43.7 47.3 24.8 51.9 59.3 44.0 47.5 41.9 52.3 6.6 0.0 35.2 61.6 28.4 55.8 29.9 13.6 32.0 30.9 25.5 33.8 34.5 35.5 52.9 56.2 51.1 43.8 17.8 43.6 51.1 51.5 33.2 67.1 58.4 44.5 51.3 4.4 50.3 13.6 8.5 38.7 41.5 24.4 54.0
29.3 27.1 32.1 64.9 11.4 50.9 58.6 30.0 50.8 82.6 71.0 74.7 55.7 36.5 48.1 41.7 23.3 66.9 48.7 39.5 25.1 27.6 12.3 46.5 23.7 37.7 35.2 0.0 27.6 63.7 39.8 52.5 38.6 66.2 12.2 49.3 27.7 0.9 39.7 52.1 70.5 84.5 76.6 52.9 27.0 46.4 42.7 14.4 55.1 36.0 61.7 31.6 32.2 30.1 48.7 28.5 54.7 41.4 34.7 61.4
3.8 6.6 49.2 90.6 35.9 78.5 70.8 53.0 78.4 106.4 95.4 94.5 81.3 61.4 75.7 68.2 41.8 93.6 76.3 38.9 2.7 46.9 16.2 70.8 33.2 62.7 61.6 27.6 0.0 90.0 35.4 80.0 66.3 90.5 38.3 76.9 52.1 28.0 52.2 56.5 95.8 107.6 99.4 78.7 30.6 49.8 62.0 39.1 49.0 46.9 88.1 46.8 59.1 45.5 74.3 55.7 69.7 64.9 61.7 69.6
90.5 90.7 71.8 51.9 54.0 30.8 55.4 38.6 29.3 25.7 61.9 37.1 50.0 29.0 26.5 21.9 68.6 44.8 29.8 75.0 87.7 67.4 76.0 55.1 78.7 27.8 28.4 63.7 90.0 0.0 79.8 32.5 29.6 14.1 58.0 30.1 55.9 63.0 54.6 70.3 56.8 29.7 25.8 11.9 69.2 70.8 70.1 59.7 88.2 82.1 45.8 74.8 31.5 74.1 16.0 35.5 48.0 57.8 42.4 65.7
32.3 41.6 71.7 100.4 37.1 81.3 41.1 42.3 80.5 88.1 107.9 70.6 91.8 52.0 76.5 61.6 62.9 100.2 78.7 5.6 35.8 67.4 38.9 84.4 60.0 53.0 55.8 39.8 35.4 79.8 0.0 83.5 66.7 74.7 51.2 79.4 66.5 39.2 27.0 22.7 106.4 87.9 79.8 67.9 13.6 16.2 82.5 53.9 15.4 73.9 96.0 70.8 55.8 69.3 64.1 54.7 42.9 80.1 69.3 36.7
81.9 78.3 46.0 21.2 47.9 2.5 74.7 43.4 3.9 58.2 31.1 66.8 17.5 35.8 8.4 27.0 46.1 17.3 5.0 80.3 77.3 43.0 63.8 23.7 57.9 35.6 29.9 52.5 80.0 32.5 83.5 0.0 16.9 45.3 41.9 4.3 31.9 52.3 65.4 82.8 27.0 62.3 58.0 32.4 70.3 80.7 40.5 41.9 96.0 56.6 15.1 49.6 28.2 49.4 31.9 28.7 67.4 28.0 18.7 83.6
67.7 65.5 42.2 36.5 32.1 14.6 59.4 26.6 13.8 53.9 45.8 56.7 29.9 19.9 9.9 13.1 39.1 34.2 12.0 63.3 63.7 37.8 50.7 29.5 49.7 20.0 13.6 38.6 66.3 29.6 66.7 16.9 0.0 38.3 30.1 12.7 26.3 38.2 48.7 66.1 42.6 57.3 51.2 23.3 53.7 63.7 41.7 31.2 79.1 52.5 31.0 45.2 11.3 44.5 20.7 12.0 52.3 30.3 13.4 67.7
90.4 92.2 79.9 65.5 55.3 43.3 44.6 37.4 41.7 16.5 75.5 22.9 62.8 29.7 38.2 26.9 75.4 58.7 41.8 69.5 88.5 75.1 78.0 66.5 84.3 28.4 32.0 66.2 90.5 14.1 74.7 45.3 38.3 0.0 63.0 42.2 64.1 65.3 48.1 61.8 70.6 19.1 12.9 15.1 66.0 63.5 80.1 65.2 81.0 89.8 59.3 82.6 36.1 81.7 18.6 40.4 37.8 68.3 51.8 55.1
40.5 36.3 22.9 52.9 16.3 40.6 64.0 30.9 40.7 79.5 58.7 75.1 43.6 34.2 38.7 36.6 15.0 55.3 38.7 50.2 35.6 17.8 22.0 34.2 21.4 35.3 30.9 12.2 38.3 58.0 51.2 41.9 30.1 63.0 0.0 39.1 15.5 12.4 46.4 60.9 58.4 82.0 74.6 48.5 37.9 55.9 31.7 3.2 66.2 29.7 50.0 23.7 26.9 22.3 44.5 22.7 59.0 29.2 23.4 68.5
78.6 75.4 45.3 25.3 44.1 1.9 70.4 39.0 1.5 55.8 35.1 63.3 20.6 31.4 4.3 22.7 44.6 21.7 0.7 76.0 74.3 41.9 60.8 25.1 56.2 31.3 25.5 49.3 76.9 30.1 79.4 4.3 12.7 42.2 39.1 0.0 30.5 49.0 61.0 78.5 31.2 59.8 55.1 28.8 66.3 76.3 41.0 39.4 91.8 55.9 19.4 48.8 23.9 48.5 27.9 24.6 63.1 28.5 16.6 79.2
54.8 49.0 15.9 38.5 30.2 31.4 74.6 39.5 32.0 80.0 43.5 80.2 29.2 39.0 31.6 37.4 14.1 42.2 30.2 65.2 49.4 11.6 36.0 18.9 26.0 39.9 33.8 27.7 52.1 55.9 66.5 31.9 26.3 64.1 15.5 30.5 0.0 28.0 58.7 74.4 43.7 83.2 76.7 49.0 53.0 69.9 18.6 13.4 81.3 26.2 36.5 18.9 29.4 18.3 45.7 25.6 68.7 13.7 14.1 80.5
29.6 27.7 32.8 64.9 10.5 50.7 57.6 29.1 50.5 81.8 71.1 73.8 55.8 35.6 47.7 41.0 24.0 66.8 48.4 38.8 25.5 28.3 12.9 46.7 24.6 36.9 34.5 0.9 28.0 63.0 39.2 52.3 38.2 65.3 12.4 49.0 28.0 0.0 38.8 51.3 70.6 83.6 75.7 52.2 26.3 45.6 43.3 14.8 54.5 36.9 61.7 32.4 31.5 30.9 47.9 27.9 53.8 41.7 34.6 60.5
50.6 56.5 69.4 85.0 30.2 63.0 19.2 22.1 61.9 61.1 93.9 44.2 77.6 30.1 57.3 39.8 61.2 82.8 60.3 21.5 51.2 64.2 46.6 73.3 63.5 30.6 35.5 39.7 52.2 54.6 27.0 65.4 48.7 48.1 46.4 61.0 58.7 38.8 0.0 17.4 91.2 60.9 52.8 43.2 22.0 16.2 77.1 49.7 33.5 75.3 79.7 69.9 37.4 68.5 40.0 38.1 17.5 70.7 55.9 22.0
53.9 62.1 83.6 102.4 44.6 80.4 20.5 39.5 79.3 72.5 111.1 52.2 94.8 47.4 74.8 57.1 75.0 100.2 77.8 17.9 56.4 78.6 55.9 90.0 75.2 47.9 52.9 52.1 56.5 70.3 22.7 82.8 66.1 61.8 60.9 78.5 74.4 51.3 17.4 0.0 108.5 71.4 63.8 59.4 27.2 6.7 92.4 64.1 20.3 88.2 97.1 83.6 54.8 82.1 56.5 55.4 24.9 87.0 72.9 14.0
98.4 92.5 50.9 6.1 69.4 29.5 101.7 69.1 30.9 81.3 5.7 93.0 14.8 62.4 35.5 54.0 55.4 12.2 31.9 103.9 93.1 50.7 79.7 25.2 66.9 62.3 56.2 70.5 95.8 56.8 106.4 27.0 42.6 70.6 58.4 31.2 43.7 70.6 91.2 108.5 0.0 85.8 82.7 59.0 92.8 105.7 39.7 56.9 120.0 59.7 11.8 54.6 53.8 55.1 58.9 53.2 94.4 31.5 37.0 110.3
107.2 109.8 99.1 81.2 73.4 60.5 51.6 54.9 59.0 4.6 91.0 20.5 79.7 48.2 56.1 46.1 94.6 73.6 59.5 82.4 105.8 94.3 96.1 84.6 103.4 46.9 51.1 84.5 107.6 29.7 87.9 62.3 57.3 19.1 82.0 59.8 83.2 83.6 60.9 71.4 85.8 0.0 8.2 34.3 81.1 74.6 98.9 84.3 91.7 109.0 75.2 101.8 55.3 100.9 37.8 59.5 46.5 86.9 70.7 61.6
99.0 101.7 92.4 77.8 65.4 56.0 44.4 46.9 54.5 8.8 87.8 14.9 75.5 40.5 51.1 39.3 87.6 70.7 54.7 74.3 97.6 87.5 88.1 79.4 96.0 39.3 43.8 76.6 99.4 25.8 79.8 58.0 51.2 12.9 74.6 55.1 76.7 75.7 52.8 63.8 82.7 8.2 0.0 27.9 72.8 66.7 92.9 77.0 83.9 102.1 71.7 95.0 48.1 94.0 31.0 52.4 38.8 81.3 64.6 54.5
79.1 79.7 64.8 53.4 42.8 30.1 46.1 26.7 28.6 31.2 63.5 34.5 49.5 17.3 24.5 11.9 60.5 47.8 28.2 63.2 76.5 60.0 65.1 52.0 69.7 16.1 17.8 52.9 78.7 11.9 67.9 32.4 23.3 15.1 48.5 28.8 49.0 52.2 43.2 59.4 59.0 34.3 27.9 0.0 57.3 59.5 65.0 50.6 76.8 74.7 47.3 67.5 21.6 66.6 4.3 25.8 38.6 53.5 36.7 56.1
28.7 35.5 59.1 86.8 23.5 68.2 40.2 30.8 67.5 80.7 94.3 65.8 78.2 40.6 63.6 49.8 50.4 86.9 65.6 12.4 30.0 54.6 28.7 70.8 48.8 41.6 43.6 27.0 30.6 69.2 13.6 70.3 53.7 66.0 37.9 66.3 53.0 26.3 22.0 27.2 92.8 81.1 72.8 57.3 0.0 20.8 69.5 40.7 28.3 62.3 82.6 58.5 43.1 57.0 53.3 41.7 39.5 66.6 55.8 39.3
47.2 55.4 78.3 99.6 39.8 78.3 25.3 37.3 77.2 75.4 108.0 56.1 91.7 45.9 72.8 55.8 69.6 97.9 75.6 11.2 49.6 73.4 49.5 86.2 69.2 46.6 51.1 46.4 49.8 70.8 16.2 80.7 63.7 63.5 55.9 76.3 69.9 45.6 16.2 6.7 105.7 74.6 66.7 59.5 20.8 0.0 87.6 59.0 17.5 82.4 94.6 78.1 52.4 76.6 56.3 52.5 28.3 82.8 69.4 20.4
65.3 57.3 12.8 36.6 47.8 41.1 93.3 58.2 42.3 95.3 37.1 97.7 29.0 57.1 43.8 54.2 20.5 43.6 41.1 81.9 59.4 15.4 47.4 17.6 29.6 57.9 51.5 42.7 62.0 70.1 82.5 40.5 41.7 80.1 31.7 41.0 18.6 43.3 77.1 92.4 39.7 98.9 92.9 65.0 69.5 87.6 0.0 28.7 97.7 20.0 37.6 15.9 47.2 16.9 62.2 43.7 87.4 12.5 28.2 99.0
41.5 36.5 19.7 51.6 19.6 40.8 67.3 34.0 41.0 81.7 57.0 77.9 42.3 36.8 39.3 38.6 11.8 54.5 39.0 53.1 36.4 14.5 22.8 32.4 19.1 37.9 33.2 14.4 39.1 59.7 53.9 41.9 31.2 65.2 3.2 39.4 13.4 14.8 49.7 64.1 56.9 84.3 77.0 50.6 40.7 59.0 28.7 0.0 69.0 26.6 49.0 20.4 29.1 19.1 46.7 24.8 62.2 27.0 23.2 71.8
45.5 55.4 87.1 113.9 51.4 93.7 40.8 53.2 92.8 92.6 121.9 72.5 105.6 62.5 88.5 72.3 78.3 113.1 91.1 16.2 49.8 82.7 54.2 98.9 75.3 63.2 67.1 55.1 49.0 88.2 15.4 96.0 79.1 81.0 66.2 91.8 81.3 54.5 33.5 20.3 120.0 91.7 83.9 76.8 28.3 17.5 97.7 69.0 0.0 89.3 109.3 86.2 67.9 84.7 73.4 67.4 45.1 94.8 83.1 33.0
50.6 41.2 10.6 56.3 45.1 56.6 93.5 60.6 57.4 105.9 57.2 104.2 48.1 62.8 57.6 62.9 14.9 62.7 55.8 74.6 44.6 14.7 35.4 36.2 14.2 63.8 58.4 36.0 46.9 82.1 73.9 56.6 52.5 89.8 29.7 55.9 26.2 36.9 75.3 88.2 59.7 109.0 102.1 74.7 62.3 82.4 20.0 26.6 89.3 0.0 56.7 7.2 54.0 8.1 71.2 49.8 88.7 30.0 40.1 97.2
90.5 85.4 46.8 6.1 59.3 17.6 89.8 57.6 19.1 70.8 16.2 81.4 8.6 50.6 23.6 42.1 49.7 6.0 20.0 93.2 85.4 45.4 71.8 20.4 61.6 50.5 44.5 61.7 88.1 45.8 96.0 15.1 31.0 59.3 50.0 19.4 36.5 61.7 79.7 97.1 11.8 75.2 71.7 47.3 82.6 94.6 37.6 49.0 109.3 56.7 0.0 50.6 42.3 50.9 47.0 42.0 82.5 26.7 27.2 98.5
50.2 41.7 3.7 50.8 39.7 49.5 87.7 54.2 50.3 98.7 52.6 97.3 42.2 55.9 50.4 55.7 8.7 56.7 48.7 71.0 44.3 7.4 33.3 30.3 13.8 56.9 51.3 31.6 46.8 74.8 70.8 49.6 45.2 82.6 23.7 48.8 18.9 32.4 69.9 83.6 54.6 101.8 95.0 67.5 58.5 78.1 15.9 20.4 86.2 7.2 50.6 0.0 46.9 1.5 64.0 42.8 82.7 23.9 32.9 92.0
60.0 59.3 44.6 47.7 23.4 25.9 49.0 15.2 24.9 52.6 56.7 50.7 40.5 10.0 20.7 9.7 39.4 45.5 23.2 52.3 56.7 39.6 44.5 38.2 48.2 10.7 4.4 32.2 59.1 31.5 55.8 28.2 11.3 36.1 26.9 23.9 29.4 31.5 37.4 54.8 53.8 55.3 48.1 21.6 43.1 52.4 47.2 29.1 67.9 54.0 42.3 46.9 0.0 45.9 17.6 4.2 42.1 37.4 20.5 56.8
48.9 40.5 4.2 51.2 38.2 49.2 86.3 52.9 50.0 97.8 53.3 96.2 42.5 54.8 49.9 54.7 7.3 56.9 48.3 69.5 43.0 6.7 31.9 30.6 12.6 55.8 50.3 30.1 45.5 74.1 69.3 49.4 44.5 81.7 22.3 48.5 18.3 30.9 68.5 82.1 55.1 100.9 94.0 66.6 57.0 76.6 16.9 19.1 84.7 8.1 50.9 1.5 45.9 0.0 63.0 41.8 81.3 24.2 32.4 90.5
74.7 75.3 61.4 53.1 38.5 29.5 44.4 22.6 28.0 35.0 63.1 36.1 48.4 13.0 23.6 8.3 56.8 48.1 27.3 59.5 72.2 56.5 60.8 50.0 65.8 11.8 13.6 48.7 74.3 16.0 64.1 31.9 20.7 18.6 44.5 27.9 45.7 47.9 40.0 56.5 58.9 37.8 31.0 4.3 53.3 56.3 62.2 46.7 73.4 71.2 47.0 64.0 17.6 63.0 0.0 21.8 36.9 51.0 34.0 54.1
56.8 55.6 40.6 47.0 20.5 26.5 51.1 16.3 25.8 56.9 55.7 54.6 39.4 13.4 21.9 13.9 35.2 45.7 23.9 51.5 53.3 35.5 40.8 35.8 43.9 14.3 8.5 28.5 55.7 35.5 54.7 28.7 12.0 40.4 22.7 24.6 25.6 27.9 38.1 55.4 53.2 59.5 52.4 25.8 41.7 52.5 43.7 24.8 67.4 49.8 42.0 42.8 4.2 41.8 21.8 0.0 44.5 34.5 18.1 58.4
68.2 73.8 81.5 88.3 43.9 64.9 7.5 29.1 63.5 47.6 97.9 27.8 82.2 32.4 58.9 40.3 74.0 84.4 62.4 37.3 68.6 76.3 63.1 80.3 78.1 32.2 38.7 54.7 69.7 48.0 42.9 67.4 52.3 37.8 59.0 63.1 68.7 53.8 17.5 24.9 94.4 46.5 38.8 38.6 39.5 28.3 87.4 62.2 45.1 88.7 82.5 82.7 42.1 81.3 36.9 44.5 0.0 79.0 62.6 17.6
67.8 61.2 20.1 27.1 43.4 28.6 85.5 50.2 29.7 83.2 30.5 86.9 18.3 47.5 31.4 43.2 23.9 32.7 28.6 78.6 62.2 19.2 49.1 6.4 35.5 48.1 41.5 41.4 64.9 57.8 80.1 28.0 30.3 68.3 29.2 28.5 13.7 41.7 70.7 87.0 31.5 86.9 81.3 53.5 66.6 82.8 12.5 27.0 94.8 30.0 26.7 23.9 37.4 24.2 51.0 34.5 79.0 0.0 17.1 92.1
63.8 59.7 29.6 31.1 32.3 17.8 69.3 34.4 18.2 67.2 38.7 69.8 22.4 30.6 17.5 26.1 28.0 32.2 16.3 66.9 59.1 25.7 45.5 17.7 39.5 31.1 24.4 34.7 61.7 42.4 69.3 18.7 13.4 51.8 23.4 16.6 14.1 34.6 55.9 72.9 37.0 70.7 64.6 36.7 55.8 69.4 28.2 23.2 83.1 40.1 27.2 32.9 20.5 32.4 34.0 18.1 62.6 17.1 0.0 76.6
67.2 74.8 91.5 104.2 52.3 81.1 10.4 42.2 79.8 63.4 113.5 41.3 97.4 47.8 75.2 56.7 83.3 100.8 78.5 31.6 69.2 86.3 67.0 94.2 85.1 47.9 54.0 61.4 69.6 65.7 36.7 83.6 67.7 55.1 68.5 79.2 80.5 60.5 22.0 14.0 110.3 61.6 54.5 56.1 39.3 20.4 99.0 71.8 33.0 97.2 98.5 92.0 56.8 90.5 54.1 58.4 17.6 92.1 76.6 0.0
0         1284     
0         40       
88        117      
409       429      
31        55       
207       226      
701       723      
254       275      
194       224      
1078      1117     
1153      1185     
798       857      
413       435      
253       261      
211       237      
298       336      
76        113      
434       475      
192       230      
653       685      
0         21       
102       144      
11        35       
152       179      
527       554      
272       320      
225       274      
57        107      
568       588      
312       341      
610       633      
185       234      
205       255      
346       360      
53        94       
372       416      
111       153      
28        65       
684       714      
665       679      
424       446      
833       863      
855       883      
341       375      
612       634      
617       662      
139       157      
504       521      
739       763      
979       991      
407       453      
523       544      
261       308      
84        125      
296       334      
224       256      
882       906      
138       172      
185       212      
713       738      
