60
0.0 26.6 13.5 7.0 31.2 23.3 27.2 73.3 48.2 41.0 38.0 29.3 43.9 30.9 25.8 21.1 49.3 22.8 27.1 60.9 54.3 53.9 46.1 49.7 27.2 18.2 68.1 23.3 18.7 29.4 65.7 76.6 28.2 51.2 26.7 26.8 70.0 38.7 50.1 26.7 33.0 38.7 37.9 50.1 37.0 49.0 16.2 17.9 31.9 52.7 30.6 73.2 32.8 40.4 7.6 46.0 61.6 27.8 8.5 32.3
26.6 0.0 37.0 21.4 55.1 26.3 53.4 78.5 23.3 42.7 40.4 40.0 41.4 43.3 50.6 39.4 69.9 14.2 52.1 51.4 29.4 72.9 68.0 27.9 29.4 8.8 68.5 5.6 38.0 24.4 61.0 78.6 3.0 72.1 13.2 32.2 68.3 50.4 28.7 3.2 59.6 65.3 52.9 76.8 54.5 67.3 33.1 39.4 12.3 76.8 49.7 81.0 16.8 66.1 20.5 59.1 62.9 37.3 32.8 42.4
13.5 37.0 0.0 20.5 32.6 36.6 24.1 63.6 55.9 53.5 50.5 21.0 56.9 21.1 26.7 29.9 35.7 28.4 15.1 58.8 61.7 40.4 32.6 55.1 24.8 28.2 60.7 35.1 7.2 43.0 60.8 68.2 39.3 37.6 39.8 39.4 63.5 28.2 55.3 36.2 26.2 32.3 25.9 41.9 24.0 35.6 27.0 4.9 44.5 39.9 37.0 62.5 37.9 29.2 21.0 34.3 54.1 20.6 16.8 43.2
7.0 21.4 20.5 0.0 34.0 17.3 32.1 77.9 44.2 35.7 32.7 34.2 37.9 36.2 29.3 20.3 56.2 21.4 34.0 61.7 50.3 60.7 53.1 46.8 29.6 14.1 71.5 17.3 25.1 22.6 67.9 80.5 22.6 58.2 19.7 21.6 73.0 44.1 47.3 22.2 38.8 44.3 43.9 56.0 43.4 55.7 14.2 24.7 25.2 59.7 30.6 78.3 30.8 47.2 0.8 51.8 65.1 32.2 11.4 28.8
31.2 55.1 32.6 34.0 0.0 36.1 11.4 94.4 78.2 42.1 39.9 53.5 48.3 53.1 5.8 18.1 55.2 54.0 30.7 90.6 84.3 61.8 50.3 80.6 56.3 48.1 93.0 50.4 39.6 44.2 93.4 99.9 55.8 56.1 49.2 33.7 96.0 59.4 81.1 56.2 19.0 20.0 55.5 31.4 51.6 59.1 23.2 36.5 55.5 48.9 13.0 92.1 64.0 34.1 34.8 63.5 86.4 53.2 23.0 28.4
23.3 26.3 36.6 17.3 36.1 0.0 39.6 95.0 48.8 18.7 15.8 51.4 20.6 53.5 33.8 18.0 72.1 34.3 48.1 75.4 54.5 77.1 68.6 54.2 45.8 24.4 87.9 20.7 42.1 8.1 83.0 97.2 25.4 73.9 15.1 5.9 88.9 61.5 55.1 28.9 48.0 52.3 61.2 64.7 60.3 72.3 13.7 41.3 21.1 73.4 26.6 95.6 41.6 59.6 17.2 69.1 81.6 49.4 21.7 16.1
27.2 53.4 24.1 32.1 11.4 39.6 0.0 83.7 75.5 49.6 47.1 44.2 55.2 43.4 7.6 23.0 43.8 49.4 19.5 82.9 81.6 50.4 38.9 76.6 48.9 45.4 83.1 49.4 30.5 47.7 84.5 89.6 54.7 44.7 50.2 38.7 86.4 49.2 76.9 53.8 8.9 12.7 44.8 25.1 40.6 47.7 25.8 27.2 56.3 38.3 22.5 81.1 59.4 23.4 32.9 52.6 76.6 44.4 20.8 36.1
73.3 78.5 63.6 77.9 94.4 95.0 83.7 0.0 78.3 113.6 110.6 43.9 115.2 42.7 88.9 93.2 48.1 64.5 64.6 41.3 80.3 42.6 52.6 70.0 49.9 73.6 15.0 81.4 56.4 98.3 28.5 9.6 81.5 49.3 89.7 99.5 19.9 35.3 69.1 75.5 80.2 84.8 38.9 86.6 43.2 40.8 89.4 58.9 90.8 64.0 100.7 7.7 63.9 69.8 77.8 31.1 17.1 45.6 79.8 105.6
48.2 23.3 55.9 44.2 78.2 48.8 75.5 78.3 0.0 62.8 61.0 50.6 59.8 54.3 73.5 62.7 83.5 27.5 70.7 41.5 6.1 84.8 82.8 9.4 38.2 30.2 65.2 28.7 54.4 44.8 54.2 75.5 23.5 85.8 33.9 54.5 63.1 59.3 10.5 22.0 80.7 86.7 63.8 97.5 67.1 79.1 56.4 56.8 29.2 93.4 73.0 82.8 19.2 84.9 43.3 67.8 61.2 47.9 55.5 64.9
41.0 42.7 53.5 35.7 42.1 18.7 49.6 113.6 62.8 0.0 3.0 69.9 6.7 71.8 42.3 26.9 87.9 52.6 62.7 93.4 67.9 93.4 83.9 69.7 64.6 42.7 106.7 37.3 59.6 18.3 101.6 116.0 41.0 89.5 29.6 14.2 107.6 79.7 70.6 45.7 58.6 61.5 78.9 73.5 77.6 89.0 26.9 58.4 33.5 86.9 29.3 114.0 59.0 72.3 35.8 87.1 100.4 68.0 37.0 13.7
38.0 40.4 50.5 32.7 39.9 15.8 47.1 110.6 61.0 3.0 0.0 66.9 8.3 68.8 39.9 24.2 84.9 49.9 59.8 90.8 66.2 90.4 81.0 67.6 61.7 40.0 103.8 34.9 56.6 16.2 98.8 113.0 38.8 86.6 27.5 11.2 104.8 76.7 68.6 43.3 56.1 59.1 75.9 71.1 74.6 86.0 23.9 55.3 31.7 84.1 27.3 111.0 56.6 69.5 32.8 84.0 97.5 65.0 34.0 11.6
29.3 40.0 21.0 34.2 53.5 51.4 44.2 43.9 50.6 69.9 66.9 0.0 71.9 3.6 47.6 49.6 33.0 26.2 28.6 40.2 55.4 34.3 33.0 46.4 12.3 32.8 39.7 41.1 13.8 55.7 40.3 47.6 43.0 35.4 48.6 55.7 42.5 10.5 46.1 37.6 44.0 49.8 13.3 56.7 16.6 28.5 45.4 17.0 51.2 44.8 57.7 44.1 31.5 40.5 34.2 19.1 33.1 2.7 36.1 61.6
43.9 41.4 56.9 37.9 48.3 20.6 55.2 115.2 59.8 6.7 8.3 71.9 0.0 74.1 48.1 32.2 91.9 52.6 67.2 92.7 64.6 97.2 88.2 67.3 65.6 42.7 107.4 36.4 62.6 17.3 101.6 117.0 39.2 93.7 28.1 17.6 108.1 82.0 68.3 44.5 64.2 67.3 81.7 79.4 80.8 92.6 31.2 61.6 30.9 91.8 35.7 116.1 58.1 77.4 37.8 89.7 101.3 69.9 41.0 19.9
30.9 43.3 21.1 36.2 53.1 53.5 43.4 42.7 54.3 71.8 68.8 3.6 74.1 0.0 47.3 50.5 29.3 29.7 26.7 42.5 59.1 30.6 29.5 50.0 16.0 35.9 39.8 44.2 13.8 58.1 41.5 47.1 46.3 31.7 51.4 57.5 43.0 7.9 49.8 41.1 42.5 48.1 9.7 54.4 12.9 24.8 46.7 16.6 54.3 41.4 58.1 42.3 35.2 37.9 36.3 16.0 33.2 6.4 37.0 63.0
25.8 50.6 26.7 29.3 5.8 33.8 7.6 88.9 73.5 42.3 39.9 47.6 48.1 47.3 0.0 16.2 50.9 48.7 25.8 84.8 79.6 57.3 46.1 75.5 50.5 43.2 87.2 46.1 33.8 41.9 87.5 94.2 51.6 51.9 45.7 32.2 90.2 53.8 75.9 51.5 16.4 19.2 50.0 31.4 46.3 54.4 20.2 30.7 52.0 46.0 14.9 86.7 58.7 31.0 30.1 58.1 80.6 47.3 18.0 28.7
21.1 39.4 29.9 20.3 18.1 18.0 23.0 93.2 62.7 26.9 24.2 49.6 32.2 50.5 16.2 0.0 61.9 41.7 36.4 81.6 68.8 67.7 57.6 66.5 48.3 33.8 88.9 34.1 36.9 26.0 86.8 97.2 39.5 63.3 31.6 15.9 91.0 58.0 67.1 41.0 31.9 35.4 55.8 47.7 53.5 63.8 6.3 34.8 37.9 60.0 10.4 92.4 51.1 45.3 20.9 64.2 82.4 48.4 13.5 14.1
49.3 69.9 35.7 56.2 55.2 72.1 43.8 48.1 83.5 87.9 84.9 33.0 91.9 29.3 50.9 61.9 0.0 57.5 25.6 67.6 88.4 6.8 5.1 79.4 45.3 61.4 54.2 69.3 32.1 78.7 62.1 56.6 72.6 2.3 75.0 74.3 59.2 26.6 79.1 68.1 37.2 40.0 20.6 39.1 16.4 7.6 61.0 31.6 79.2 16.0 65.4 42.9 64.3 23.5 56.6 21.4 49.2 35.6 50.9 76.0
22.8 14.2 28.4 21.4 54.0 34.3 49.4 64.5 27.5 52.6 49.9 26.2 52.6 29.7 48.7 41.7 57.5 0.0 43.2 41.1 33.3 59.9 56.3 27.2 15.1 9.9 55.2 17.0 27.0 35.2 49.0 65.0 17.3 59.8 25.4 39.9 55.5 36.4 27.5 11.5 53.8 59.8 39.4 70.2 41.6 54.2 35.6 29.3 26.3 66.2 52.0 66.7 10.0 57.3 20.8 45.2 49.3 23.4 31.1 48.9
27.1 52.1 15.1 34.0 30.7 48.1 19.5 64.6 70.7 62.7 59.8 28.6 67.2 26.7 25.8 36.4 25.6 43.2 0.0 68.8 76.5 31.7 21.2 69.4 36.9 43.2 65.2 49.9 17.1 55.3 68.2 71.0 54.3 27.0 53.8 49.5 68.9 31.0 69.5 51.3 16.0 21.4 25.9 28.4 21.3 28.5 35.9 14.2 59.0 25.6 39.9 61.7 52.3 14.1 34.7 33.4 58.8 29.6 26.4 50.5
60.9 51.4 58.8 61.7 90.6 75.4 82.9 41.3 41.5 93.4 90.8 40.2 92.7 42.5 84.8 81.6 67.6 41.1 68.8 0.0 41.8 65.6 69.6 32.2 34.3 50.9 26.5 56.3 52.8 75.4 13.4 36.0 53.8 69.7 64.6 81.1 22.9 41.5 31.1 48.2 83.9 89.9 47.9 96.9 53.3 60.7 75.9 56.2 63.0 82.3 91.4 47.7 34.6 80.4 61.2 46.4 25.1 39.2 69.3 90.0
54.3 29.4 61.7 50.3 84.3 54.5 81.6 80.3 6.1 67.9 66.2 55.4 64.6 59.1 79.6 68.8 88.4 33.3 76.5 41.8 0.0 89.5 87.9 10.3 43.0 36.3 66.7 34.7 60.0 50.2 55.0 76.9 29.4 90.7 39.5 60.2 64.2 63.6 11.2 28.1 86.8 92.7 68.4 103.4 72.0 83.8 62.5 62.4 34.5 98.8 79.1 85.3 24.4 90.6 49.5 72.0 63.2 52.8 61.6 70.7
53.9 72.9 40.4 60.7 61.8 77.1 50.4 42.6 84.8 93.4 90.4 34.3 97.2 30.6 57.3 67.7 6.8 59.9 31.7 65.6 89.5 0.0 11.9 80.1 46.6 64.7 49.9 72.8 35.9 83.3 58.8 51.4 75.7 6.9 78.9 79.5 55.1 26.1 79.7 70.9 44.0 46.8 21.0 45.6 18.3 5.7 66.4 35.9 82.8 21.5 71.7 36.9 65.8 30.3 61.1 19.2 45.4 37.0 56.3 81.8
46.1 68.0 32.6 53.1 50.3 68.6 38.9 52.6 82.8 83.9 81.0 33.0 88.2 29.5 46.1 57.6 5.1 56.3 21.2 69.6 87.9 11.9 0.0 79.3 45.0 59.4 57.8 67.0 29.9 75.4 64.9 60.7 70.6 5.8 72.3 70.5 62.6 28.1 79.1 66.5 32.1 34.9 21.7 34.3 16.7 11.7 57.0 28.9 76.8 12.7 60.8 47.6 63.6 18.4 53.6 24.3 52.5 35.4 47.2 71.8
49.7 27.9 55.1 46.8 80.6 54.2 76.6 70.0 9.4 69.7 67.6 46.4 67.3 50.0 75.5 66.5 79.4 27.2 69.4 32.2 10.3 80.1 79.3 0.0 34.3 32.7 56.5 33.6 52.5 51.4 45.0 66.7 29.0 81.8 40.1 60.1 54.1 54.1 1.1 25.6 80.9 87.0 59.2 97.1 63.0 74.4 60.1 55.2 36.3 90.6 76.9 74.9 17.3 83.4 46.0 62.2 52.9 43.9 57.6 70.4
27.2 29.4 24.8 29.6 56.3 45.8 48.9 49.9 38.2 64.6 61.7 12.3 65.6 16.0 50.5 48.3 45.3 15.1 36.9 34.3 43.0 46.6 45.0 34.3 0.0 23.6 42.0 31.6 19.8 48.5 38.4 51.4 32.5 47.6 39.8 50.9 43.3 21.7 34.1 26.7 50.8 56.8 25.6 65.4 28.9 40.9 43.1 23.0 41.3 56.3 57.7 51.8 19.2 50.2 29.4 30.5 35.8 9.7 35.4 58.4
18.2 8.8 28.2 14.1 48.1 24.4 45.4 73.6 30.2 42.7 40.0 32.8 42.7 35.9 43.2 33.8 61.4 9.9 43.2 50.9 36.3 64.7 59.4 32.7 23.6 0.0 64.9 8.3 29.4 25.3 58.9 74.6 11.2 63.6 16.1 30.2 65.3 43.3 33.3 8.4 51.1 56.9 45.2 68.2 46.4 59.2 27.5 30.6 18.4 67.9 44.2 75.4 17.5 57.2 13.3 51.9 58.9 30.2 25.2 39.5
68.1 68.5 60.7 71.5 93.0 87.9 83.1 15.0 65.2 106.7 103.8 39.7 107.4 39.8 87.2 88.9 54.2 55.2 65.2 26.5 66.7 49.9 57.8 56.5 42.0 64.9 0.0 72.1 53.5 90.2 13.5 10.3 71.4 55.8 80.6 92.9 5.5 34.1 55.5 65.3 81.2 86.4 39.5 90.3 44.8 46.6 84.3 56.5 80.8 70.2 97.4 22.1 52.8 73.2 71.3 33.7 6.5 40.6 75.5 100.1
23.3 5.6 35.1 17.3 50.4 20.7 49.4 81.4 28.7 37.3 34.9 41.1 36.4 44.2 46.1 34.1 69.3 17.0 49.9 56.3 34.7 72.8 67.0 33.6 31.6 8.3 72.1 0.0 37.2 19.1 65.4 82.0 5.4 71.5 8.5 26.5 72.3 51.6 34.4 8.3 56.1 61.6 53.5 73.3 54.5 67.3 27.8 38.1 10.1 75.1 44.3 83.5 21.7 63.6 16.5 60.3 66.3 38.5 28.6 36.8
18.7 38.0 7.2 25.1 39.6 42.1 30.5 56.4 54.4 59.6 56.6 13.8 62.6 13.8 33.8 36.9 32.1 27.0 17.1 52.8 60.0 35.9 29.9 52.5 19.8 29.4 53.5 37.2 0.0 47.7 54.0 60.9 40.6 34.2 43.0 45.4 56.4 21.0 52.5 36.6 31.1 37.2 19.3 45.5 18.3 30.7 33.6 3.3 47.1 39.2 44.3 55.4 35.6 30.8 25.3 27.5 46.9 13.8 23.6 49.9
29.4 24.4 43.0 22.6 44.2 8.1 47.7 98.3 44.8 18.3 16.2 55.7 17.3 58.1 41.9 26.0 78.7 35.2 55.3 75.4 50.2 83.3 75.4 51.4 48.5 25.3 90.2 19.1 47.7 0.0 84.2 99.8 22.6 80.6 11.3 11.4 90.7 66.0 52.3 27.4 56.1 60.5 66.3 72.8 66.1 78.4 21.8 47.3 15.7 80.9 34.1 99.5 40.9 67.3 22.3 74.0 84.1 53.4 29.2 21.4
65.7 61.0 60.8 67.9 93.4 83.0 84.5 28.5 54.2 101.6 98.8 40.3 101.6 41.5 87.5 86.8 62.1 49.0 68.2 13.4 55.0 58.8 64.9 45.0 38.4 58.9 13.5 65.4 54.0 84.2 0.0 22.5 63.7 64.0 73.9 88.5 9.4 38.0 44.0 57.8 84.1 89.7 44.3 95.2 49.8 54.7 81.5 57.3 73.2 77.6 96.0 35.5 44.4 78.2 67.5 40.6 14.2 40.2 73.7 96.7
76.6 78.6 68.2 80.5 99.9 97.2 89.6 9.6 75.5 116.0 113.0 47.6 117.0 47.1 94.2 97.2 56.6 65.0 71.0 36.0 76.9 51.4 60.7 66.7 51.4 74.6 10.3 82.0 60.9 99.8 22.5 0.0 81.5 57.9 90.5 102.1 13.1 40.4 65.7 75.4 86.9 91.7 45.0 94.4 49.8 49.1 92.9 63.7 90.9 72.6 105.2 17.3 63.0 77.4 80.4 37.9 15.7 48.8 83.7 108.9
28.2 3.0 39.3 22.6 55.8 25.4 54.7 81.5 23.5 41.0 38.8 43.0 39.2 46.3 51.6 39.5 72.6 17.3 54.3 53.8 29.4 75.7 70.6 29.0 32.5 11.2 71.4 5.4 40.6 22.6 63.7 81.5 0.0 74.8 11.3 31.2 71.1 53.4 29.8 6.0 61.2 66.8 55.8 78.4 57.3 70.1 33.3 41.9 9.4 79.2 49.7 84.0 19.3 68.2 21.7 62.1 65.8 40.3 34.0 41.6
51.2 72.1 37.6 58.2 56.1 73.9 44.7 49.3 85.8 89.5 86.6 35.4 93.7 31.7 51.9 63.3 2.3 59.8 27.0 69.7 90.7 6.9 5.8 81.8 47.6 63.6 55.8 71.5 34.2 80.6 64.0 57.9 74.8 0.0 77.1 76.0 60.9 28.9 81.5 70.4 37.8 40.3 22.9 38.7 18.7 9.3 62.6 33.6 81.3 14.7 66.6 43.8 66.6 23.7 58.6 23.4 50.9 37.9 52.6 77.5
26.7 13.2 39.8 19.7 49.2 15.1 50.2 89.7 33.9 29.6 27.5 48.6 28.1 51.4 45.7 31.6 75.0 25.4 53.8 64.6 39.5 78.9 72.3 40.1 39.8 16.1 80.6 8.5 43.0 11.3 73.9 90.5 11.3 77.1 0.0 20.7 80.8 59.1 41.1 16.3 57.7 62.8 60.4 75.0 60.9 73.6 25.9 43.4 6.2 79.4 41.2 91.5 29.9 67.0 19.1 67.5 74.8 46.1 29.7 31.1
26.8 32.2 39.4 21.6 33.7 5.9 38.7 99.5 54.5 14.2 11.2 55.7 17.6 57.5 32.2 15.9 74.3 39.9 49.5 81.1 60.2 79.5 70.5 60.1 50.9 30.2 92.9 26.5 45.4 11.4 88.5 102.1 31.2 76.0 20.7 0.0 94.1 65.4 61.0 34.8 47.5 51.3 64.7 63.6 63.4 75.0 13.6 44.2 26.3 74.4 22.7 99.8 47.4 60.1 21.7 72.8 86.6 53.8 23.3 10.4
70.0 68.3 63.5 73.0 96.0 88.9 86.4 19.9 63.1 107.6 104.8 42.5 108.1 43.0 90.2 91.0 59.2 55.5 68.9 22.9 64.2 55.1 62.6 54.1 43.3 65.3 5.5 72.3 56.4 90.7 9.4 13.1 71.1 60.9 80.8 94.1 0.0 37.9 53.1 65.1 85.0 90.3 43.6 94.7 49.0 51.6 86.1 59.5 80.6 75.2 99.8 27.3 52.1 77.5 72.7 38.4 10.3 43.0 77.7 101.7
38.7 50.4 28.2 44.1 59.4 61.5 49.2 35.3 59.3 79.7 76.7 10.5 82.0 7.9 53.8 58.0 26.6 36.4 31.0 41.5 63.6 26.1 28.1 54.1 21.7 43.3 34.1 51.6 21.0 66.0 38.0 40.4 53.4 28.9 59.1 65.4 37.9 0.0 53.6 47.9 47.1 52.4 6.4 57.2 11.9 20.6 54.4 23.5 61.7 40.8 65.3 34.5 40.6 40.1 44.2 8.8 27.7 13.1 44.6 70.7
50.1 28.7 55.3 47.3 81.1 55.1 76.9 69.1 10.5 70.6 68.6 46.1 68.3 49.8 75.9 67.1 79.1 27.5 69.5 31.1 11.2 79.7 79.1 1.1 34.1 33.3 55.5 34.4 52.5 52.3 44.0 65.7 29.8 81.5 41.1 61.0 53.1 53.6 0.0 26.4 81.2 87.3 58.8 97.3 62.7 74.1 60.8 55.3 37.3 90.4 77.5 74.1 17.5 83.4 46.6 61.7 52.0 43.7 58.1 71.2
26.7 3.2 36.2 22.2 56.2 28.9 53.8 75.5 22.0 45.7 43.3 37.6 44.5 41.1 51.5 41.0 68.1 11.5 51.3 48.2 28.1 70.9 66.5 25.6 26.7 8.4 65.3 8.3 36.6 27.4 57.8 75.4 6.0 70.4 16.3 34.8 65.1 47.9 26.4 0.0 59.6 65.4 50.7 76.7 52.5 65.3 34.7 38.2 15.5 75.6 51.4 78.1 13.6 65.4 21.3 56.7 59.8 34.9 33.5 44.9
33.0 59.6 26.2 38.8 19.0 48.0 8.9 80.2 80.7 58.6 56.1 44.0 64.2 42.5 16.4 31.9 37.2 53.8 16.0 83.9 86.8 44.0 32.1 80.9 50.8 51.1 81.2 56.1 31.1 56.1 84.1 86.9 61.2 37.8 57.7 47.5 85.0 47.1 81.2 59.6 0.0 6.1 41.9 17.2 37.1 42.1 34.4 27.8 63.7 29.9 31.2 76.9 63.6 15.1 39.6 49.1 74.9 44.7 28.0 45.1
38.7 65.3 32.3 44.3 20.0 52.3 12.7 84.8 86.7 61.5 59.1 49.8 67.3 48.1 19.2 35.4 40.0 59.8 21.4 89.9 92.7 46.8 34.9 87.0 56.8 56.9 86.4 61.6 37.2 60.5 89.7 91.7 66.8 40.3 62.8 51.3 90.3 52.4 87.3 65.4 6.1 0.0 46.9 12.3 41.9 45.6 38.6 33.8 68.9 30.4 32.9 81.0 69.7 16.6 45.1 53.8 80.1 50.6 33.2 47.8
37.9 52.9 25.9 43.9 55.5 61.2 44.8 38.9 63.8 78.9 75.9 13.3 81.7 9.7 50.0 55.8 20.6 39.4 25.9 47.9 68.4 21.0 21.7 59.2 25.6 45.2 39.5 53.5 19.3 66.3 44.3 45.0 55.8 22.9 60.4 64.7 43.6 6.4 58.8 50.7 41.9 46.9 0.0 51.1 5.5 15.3 52.9 21.0 63.6 34.3 62.3 36.8 44.8 34.0 44.1 8.3 33.4 16.0 42.8 69.1
50.1 76.8 41.9 56.0 31.4 64.7 25.1 86.6 97.5 73.5 71.1 56.7 79.4 54.4 31.4 47.7 39.1 70.2 28.4 96.9 103.4 45.6 34.3 97.1 65.4 68.2 90.3 73.3 45.5 72.8 95.2 94.4 78.4 38.7 75.0 63.6 94.7 57.2 97.3 76.7 17.2 12.3 51.1 0.0 45.6 46.0 50.9 42.4 80.9 25.5 44.5 81.9 79.8 17.1 56.8 56.7 84.4 58.0 45.2 59.7
37.0 54.5 24.0 43.4 51.6 60.3 40.6 43.2 67.1 77.6 74.6 16.6 80.8 12.9 46.3 53.5 16.4 41.6 21.3 53.3 72.0 18.3 16.7 63.0 28.9 46.4 44.8 54.5 18.3 66.1 49.8 49.8 57.3 18.7 60.9 63.4 49.0 11.9 62.7 52.5 37.1 41.9 5.5 45.6 0.0 12.7 51.1 19.2 64.6 29.1 59.3 40.4 47.9 28.5 43.7 12.0 38.7 19.2 40.8 67.1
49.0 67.3 35.6 55.7 59.1 72.3 47.7 40.8 79.1 89.0 86.0 28.5 92.6 24.8 54.4 63.8 7.6 54.2 28.5 60.7 83.8 5.7 11.7 74.4 40.9 59.2 46.6 67.3 30.7 78.4 54.7 49.1 70.1 9.3 73.6 75.0 51.6 20.6 74.1 65.3 42.1 45.6 15.3 46.0 12.7 0.0 62.1 31.0 77.4 23.6 68.4 35.9 60.1 29.6 56.0 14.2 41.6 31.2 51.9 77.8
16.2 33.1 27.0 14.2 23.2 13.7 25.8 89.4 56.4 26.9 23.9 45.4 31.2 46.7 20.2 6.3 61.0 35.6 35.9 75.9 62.5 66.4 57.0 60.1 43.1 27.5 84.3 27.8 33.6 21.8 81.5 92.9 33.3 62.6 25.9 13.6 86.1 54.4 60.8 34.7 34.4 38.6 52.9 50.9 51.1 62.1 0.0 31.9 32.2 60.7 16.7 89.0 44.8 46.5 14.8 61.2 77.8 44.0 10.2 16.2
17.9 39.4 4.9 24.7 36.5 41.3 27.2 58.9 56.8 58.4 55.3 17.0 61.6 16.6 30.7 34.8 31.6 29.3 14.2 56.2 62.4 35.9 28.9 55.2 23.0 30.6 56.5 38.1 3.3 47.3 57.3 63.7 41.9 33.6 43.4 44.2 59.5 23.5 55.3 38.2 27.8 33.8 21.0 42.4 19.2 31.0 31.9 0.0 47.8 37.3 41.7 57.6 38.2 28.1 25.1 29.3 49.9 17.2 21.8 48.1
31.9 12.3 44.5 25.2 55.5 21.1 56.3 90.8 29.2 33.5 31.7 51.2 30.9 54.3 52.0 37.9 79.2 26.3 59.0 63.0 34.5 82.8 76.8 36.3 41.3 18.4 80.8 10.1 47.1 15.7 73.2 90.9 9.4 81.3 6.2 26.3 80.6 61.7 37.3 15.5 63.7 68.9 63.6 80.9 64.6 77.4 32.2 47.8 0.0 84.4 47.4 93.1 28.7 72.4 24.5 70.3 75.3 48.6 35.7 36.7
52.7 76.8 39.9 59.7 48.9 73.4 38.3 64.0 93.4 86.9 84.1 44.8 91.8 41.4 46.0 60.0 16.0 66.2 25.6 82.3 98.8 21.5 12.7 90.6 56.3 67.9 70.2 75.1 39.2 80.9 77.6 72.6 79.2 14.7 79.4 74.4 75.2 40.8 90.4 75.6 29.9 30.4 34.3 25.5 29.1 23.6 60.7 37.3 84.4 0.0 60.9 58.4 74.3 14.9 60.3 37.0 65.0 47.0 51.7 73.9
30.6 49.7 37.0 30.6 13.0 26.6 22.5 100.7 73.0 29.3 27.3 57.7 35.7 58.1 14.9 10.4 65.4 52.0 39.9 91.4 79.1 71.7 60.8 76.9 57.7 44.2 97.4 44.3 44.3 34.1 96.0 105.2 49.7 66.6 41.2 22.7 99.8 65.3 77.5 51.4 31.2 32.9 62.3 44.5 59.3 68.4 16.7 41.7 47.4 60.9 0.0 99.2 61.4 46.0 31.2 70.6 90.8 56.8 22.3 15.7
73.2 81.0 62.5 78.3 92.1 95.6 81.1 7.7 82.8 114.0 111.0 44.1 116.1 42.3 86.7 92.4 42.9 66.7 61.7 47.7 85.3 36.9 47.6 74.9 51.8 75.4 22.1 83.5 55.4 99.5 35.5 17.3 84.0 43.8 91.5 99.8 27.3 34.5 74.1 78.1 76.9 81.0 36.8 81.9 40.4 35.9 89.0 57.6 93.1 58.4 99.2 0.0 67.3 65.5 78.3 28.6 22.7 46.1 79.1 105.3
32.8 16.8 37.9 30.8 64.0 41.6 59.4 63.9 19.2 59.0 56.6 31.5 58.1 35.2 58.7 51.1 64.3 10.0 52.3 34.6 24.4 65.8 63.6 17.3 19.2 17.5 52.8 21.7 35.6 40.9 44.4 63.0 19.3 66.6 29.9 47.4 52.1 40.6 17.5 13.6 63.6 69.7 44.8 79.8 47.9 60.1 44.8 38.2 28.7 74.3 61.4 67.3 0.0 66.4 30.1 49.3 47.6 28.8 41.0 57.0
40.4 66.1 29.2 47.2 34.1 59.6 23.4 69.8 84.9 72.3 69.5 40.5 77.4 37.9 31.0 45.3 23.5 57.3 14.1 80.4 90.6 30.3 18.4 83.4 50.2 57.2 73.2 63.6 30.8 67.3 78.2 77.4 68.2 23.7 67.0 60.1 77.5 40.1 83.4 65.4 15.1 16.6 34.0 17.1 28.5 29.6 46.5 28.1 72.4 14.9 46.0 65.5 66.4 0.0 47.9 39.6 67.2 42.0 38.1 59.1
7.6 20.5 21.0 0.8 34.8 17.2 32.9 77.8 43.3 35.8 32.8 34.2 37.8 36.3 30.1 20.9 56.6 20.8 34.7 61.2 49.5 61.1 53.6 46.0 29.4 13.3 71.3 16.5 25.3 22.3 67.5 80.4 21.7 58.6 19.1 21.7 72.7 44.2 46.6 21.3 39.6 45.1 44.1 56.8 43.7 56.0 14.8 25.1 24.5 60.3 31.2 78.3 30.1 47.9 0.0 52.0 64.9 32.2 12.3 29.1
46.0 59.1 34.3 51.8 63.5 69.1 52.6 31.1 67.8 87.1 84.0 19.1 89.7 16.0 58.1 64.2 21.4 45.2 33.4 46.4 72.0 19.2 24.3 62.2 30.5 51.9 33.7 60.3 27.5 74.0 40.6 37.9 62.1 23.4 67.5 72.8 38.4 8.8 61.7 56.7 49.1 53.8 8.3 56.7 12.0 14.2 61.2 29.3 70.3 37.0 70.6 28.6 49.3 39.6 52.0 0.0 28.1 21.8 51.1 77.4
61.6 62.9 54.1 65.1 86.4 81.6 76.6 17.1 61.2 100.4 97.5 33.1 101.3 33.2 80.6 82.4 49.2 49.3 58.8 25.1 63.2 45.4 52.5 52.9 35.8 58.9 6.5 66.3 46.9 84.1 14.2 15.7 65.8 50.9 74.8 86.6 10.3 27.7 52.0 59.8 74.9 80.1 33.4 84.4 38.7 41.6 77.8 49.9 75.3 65.0 90.8 22.7 47.6 67.2 64.9 28.1 0.0 34.0 68.9 93.7
27.8 37.3 20.6 32.2 53.2 49.4 44.4 45.6 47.9 68.0 65.0 2.7 69.9 6.4 47.3 48.4 35.6 23.4 29.6 39.2 52.8 37.0 35.4 43.9 9.7 30.2 40.6 38.5 13.8 53.4 40.2 48.8 40.3 37.9 46.1 53.8 43.0 13.1 43.7 34.9 44.7 50.6 16.0 58.0 19.2 31.2 44.0 17.2 48.6 47.0 56.8 46.1 28.8 42.0 32.2 21.8 34.0 0.0 34.9 60.1
8.5 32.8 16.8 11.4 23.0 21.7 20.8 79.8 55.5 37.0 34.0 36.1 41.0 37.0 18.0 13.5 50.9 31.1 26.4 69.3 61.6 56.3 47.2 57.6 35.4 25.2 75.5 28.6 23.6 29.2 73.7 83.7 34.0 52.6 29.7 23.3 77.7 44.6 58.1 33.5 28.0 33.2 42.8 45.2 40.8 51.9 10.2 21.8 35.7 51.7 22.3 79.1 41.0 38.1 12.3 51.1 68.9 34.9 0.0 26.3
32.3 42.4 43.2 28.8 28.4 16.1 36.1 105.6 64.9 13.7 11.6 61.6 19.9 63.0 28.7 14.1 76.0 48.9 50.5 90.0 70.7 81.8 71.8 70.4 58.4 39.5 100.1 36.8 49.9 21.4 96.7 108.9 41.6 77.5 31.1 10.4 101.7 70.7 71.2 44.9 45.1 47.8 69.1 59.7 67.1 77.8 16.2 48.1 36.7 73.9 15.7 105.3 57.0 59.1 29.1 77.4 93.7 60.1 26.3 0.0
0         1240     
116       134      
289       337      
21        43       
457       482      
958       989      
371       395      
638       673      
727       757      
76        98       
809       838      
191       209      
73        104      
178       222      
431       439      
843       858      
250       268      
143       189      
327       339      
681       707      
1150      1185     
244       282      
255       260      
724       734      
184       206      
139       167      
629       652      
124       129      
281       324      
95        119      
610       638      
643       663      
132       165      
521       542      
109       134      
48        75       
593       626      
190       226      
723       761      
109       151      
359       389      
400       432      
278       296      
475       514      
215       257      
226       272      
33        49       
317       363      
790       803      
884       931      
433       462      
1053      1094     
738       770      
385       412      
0         25       
204       221      
596       610      
544       577      
0         45       
67        97       
