60
0.0 54.5 23.7 14.8 9.0 23.1 53.1 27.1 49.4 60.5 19.9 45.2 46.8 23.4 32.6 48.6 25.1 29.1 30.3 48.1 55.7 53.3 49.6 54.0 54.4 53.8 26.5 44.2 41.4 57.8 63.2 39.3 79.4 39.3 44.7 52.4 38.6 2.5 29.6 35.8 24.1 37.2 73.9 13.8 33.1 61.1 53.8 46.6 34.0 43.2 46.8 51.0 35.6 42.9 26.0 76.1 27.6 47.3 36.4 38.5
54.5 0.0 65.2 51.4 60.3 66.6 44.0 39.0 8.2 86.6 71.3 14.1 99.4 32.1 37.7 79.1 57.7 28.6 81.1 102.4 79.4 98.6 40.4 39.7 30.3 99.5 68.7 59.3 95.9 51.4 45.2 58.8 44.1 70.8 84.8 15.4 29.8 56.6 67.7 28.7 76.1 62.2 36.7 68.3 21.5 19.0 30.8 92.8 20.5 97.7 34.0 29.5 89.1 13.1 71.9 108.7 81.4 34.2 30.5 92.6
23.7 65.2 0.0 14.6 30.1 2.2 45.2 48.9 62.7 82.8 13.9 52.5 55.0 40.6 30.5 70.7 9.3 47.0 44.3 43.5 78.6 68.8 71.3 75.4 52.9 68.9 47.6 67.9 40.6 46.9 84.6 63.1 98.4 16.4 64.2 57.4 39.5 21.8 6.1 55.1 38.3 60.8 92.1 22.7 44.7 76.9 52.1 62.2 47.1 41.6 67.5 50.0 29.5 56.8 7.3 95.9 24.7 44.1 37.6 34.2
14.8 51.4 14.6 0.0 23.7 15.5 39.7 35.5 48.3 75.1 20.8 39.3 58.0 26.1 20.5 63.3 11.3 32.5 43.4 53.0 70.0 67.3 57.5 61.4 43.6 67.7 41.4 56.7 48.0 43.6 70.6 52.3 83.8 26.8 59.5 45.2 28.4 14.4 19.0 40.7 37.1 50.9 77.5 22.8 30.3 62.3 42.9 60.5 32.6 49.5 53.4 40.3 39.0 42.2 20.6 90.9 32.0 35.5 26.3 43.1
9.0 60.3 30.1 23.7 0.0 29.0 62.1 27.6 54.3 52.7 22.2 52.3 39.4 28.1 41.5 40.6 33.2 32.9 21.9 44.9 48.4 44.3 48.9 53.6 62.9 44.8 17.9 39.3 37.2 66.8 62.4 34.2 80.4 46.4 35.8 59.8 47.1 9.3 36.3 38.0 16.1 31.2 75.5 12.0 39.5 64.4 62.4 37.6 39.8 39.2 47.3 59.5 34.1 47.9 30.6 67.3 26.1 56.1 44.9 36.0
23.1 66.6 2.2 15.5 29.0 0.0 47.5 49.0 63.8 81.5 11.7 54.0 52.8 41.2 32.4 69.4 11.5 47.6 42.4 41.3 77.5 66.8 71.4 75.6 55.0 66.9 46.3 67.2 38.3 49.2 84.8 62.4 99.0 18.0 62.5 59.1 41.3 21.0 7.6 55.5 36.5 59.9 92.8 21.0 45.8 77.8 54.2 60.3 48.1 39.3 67.8 52.0 27.3 57.8 5.4 94.3 22.4 46.2 39.4 32.0
53.1 44.0 45.2 39.7 62.1 47.5 0.0 59.9 47.7 108.7 58.0 31.2 97.6 46.6 20.9 97.9 36.0 49.8 83.0 88.8 102.4 106.4 75.0 76.6 14.9 106.9 78.6 84.9 85.6 7.5 84.4 81.9 87.9 39.9 97.1 28.9 19.4 53.5 43.4 56.9 76.7 82.6 80.5 62.4 37.6 62.6 14.1 99.7 40.7 86.7 68.7 14.6 74.8 45.8 52.3 127.3 69.4 10.3 20.8 79.5
27.1 39.0 48.9 35.5 27.6 49.0 59.9 0.0 31.4 50.3 47.0 36.9 63.2 13.2 40.5 41.1 46.7 11.4 44.7 72.5 43.5 59.8 22.5 26.9 54.0 60.7 30.3 25.0 64.6 66.6 36.0 22.3 52.9 62.4 45.8 44.8 40.7 29.6 54.2 11.4 40.8 24.3 47.9 39.0 24.1 38.0 53.8 54.1 22.1 66.6 19.8 51.0 61.4 25.8 52.7 71.1 53.4 50.6 39.1 63.5
49.4 8.2 62.7 48.3 54.3 63.8 47.7 31.4 0.0 78.5 67.3 16.4 93.0 26.2 37.8 71.1 56.0 21.8 74.6 97.6 71.2 91.2 32.5 32.1 35.3 92.1 61.5 51.1 90.8 55.2 38.3 50.7 40.4 70.1 77.1 21.0 31.1 51.7 65.8 20.7 69.8 54.2 33.1 63.2 17.9 15.5 35.7 85.5 15.8 92.6 26.0 33.9 84.7 6.4 68.9 100.6 76.8 37.5 31.2 87.9
60.5 86.6 82.8 75.1 52.7 81.5 108.7 50.3 78.5 0.0 72.7 87.0 54.5 62.8 88.1 12.1 85.6 61.7 45.4 78.6 7.3 34.6 49.4 52.8 104.2 35.7 35.2 27.4 70.2 114.8 55.4 28.1 77.2 99.2 23.5 94.9 90.2 61.7 88.9 58.2 48.6 26.2 77.0 61.4 74.4 78.0 104.0 35.1 72.3 72.0 54.4 101.2 75.8 74.3 82.2 22.7 70.5 100.1 88.3 74.5
19.9 71.3 13.9 20.8 22.2 11.7 58.0 47.0 67.3 72.7 0.0 60.0 41.1 42.3 40.8 60.6 22.2 48.4 31.2 32.1 69.3 55.5 69.4 73.9 63.9 55.6 37.5 61.6 27.7 60.3 83.0 56.4 99.2 29.0 52.4 66.0 49.2 17.4 18.9 55.5 25.6 53.2 93.6 11.2 49.8 80.1 63.2 49.0 51.5 29.0 66.7 60.8 18.1 61.0 9.9 83.9 11.5 55.5 47.1 22.3
45.2 14.1 52.5 39.3 52.3 54.0 31.2 36.9 16.4 87.0 60.0 0.0 91.7 26.1 23.8 78.0 44.4 25.4 74.1 91.8 80.1 93.9 45.9 46.7 19.5 94.7 63.9 60.6 85.9 38.8 53.8 58.9 56.8 56.9 81.3 8.0 15.6 47.0 54.4 29.6 68.5 61.2 49.4 58.6 13.4 31.5 19.7 87.6 14.8 87.6 39.3 17.6 78.1 15.3 59.4 108.0 70.6 21.0 16.4 81.9
46.8 99.4 55.0 58.0 39.4 52.8 97.6 63.2 93.0 54.5 41.1 91.7 0.0 67.2 78.3 45.5 62.9 71.2 18.5 26.5 55.5 22.3 79.8 84.7 101.0 21.6 34.1 60.9 20.1 100.8 92.0 56.4 112.9 69.2 31.4 99.2 85.3 45.5 59.7 74.6 23.3 51.2 109.4 35.2 78.9 101.3 100.3 19.4 79.1 21.1 80.6 97.6 31.0 86.7 49.8 54.5 31.2 93.3 83.1 27.2
23.4 32.1 40.6 26.1 28.1 41.2 46.6 13.2 26.2 62.8 42.3 26.1 67.2 0.0 27.4 52.8 36.4 6.3 49.0 71.5 56.2 67.9 32.3 35.7 41.4 68.7 37.8 38.2 64.5 53.3 44.8 35.3 57.8 52.1 55.3 34.1 27.5 25.8 45.1 14.6 43.9 36.6 51.7 37.1 12.6 37.7 41.2 61.7 11.9 66.4 27.5 38.4 59.0 19.7 45.7 82.8 51.0 37.5 25.9 62.0
32.6 37.7 30.5 20.5 41.5 32.4 20.9 40.5 37.8 88.1 40.8 23.8 78.3 27.4 0.0 77.2 21.6 31.8 62.8 72.9 82.0 85.8 58.4 61.0 23.1 86.4 57.6 65.3 68.4 26.6 69.6 61.9 77.6 33.1 76.2 27.3 9.0 33.2 31.3 39.9 56.6 62.2 70.5 43.1 21.9 53.2 22.4 79.1 25.3 69.8 52.7 19.9 58.8 33.4 37.8 106.4 52.3 15.0 7.5 63.1
48.6 79.1 70.7 63.3 40.6 69.4 97.9 41.1 71.1 12.1 60.6 78.0 45.5 52.8 77.2 0.0 73.7 52.6 34.2 68.1 10.0 28.6 45.1 49.2 94.3 29.8 23.1 22.1 59.5 103.8 53.7 20.6 75.9 87.1 14.2 86.0 79.8 49.7 76.8 50.4 36.9 16.9 74.5 49.3 65.0 72.7 94.0 27.0 63.2 61.4 49.0 91.2 64.4 66.3 70.1 30.0 58.7 89.7 77.9 63.3
25.1 57.7 9.3 11.3 33.2 11.5 36.0 46.7 56.0 85.6 22.2 44.4 62.9 36.4 21.6 73.7 0.0 42.6 50.5 52.8 80.8 75.0 68.4 72.1 43.7 75.2 51.2 68.0 49.6 38.1 81.3 63.5 93.3 15.7 68.8 48.8 30.6 23.9 9.9 51.1 44.3 62.0 86.8 28.8 38.2 70.7 42.9 68.3 40.9 50.7 63.9 40.7 38.8 50.4 16.6 100.5 33.5 34.9 29.0 43.4
29.1 28.6 47.0 32.5 32.9 47.6 49.8 11.4 21.8 61.7 48.4 25.4 71.2 6.3 31.8 52.6 42.6 0.0 52.8 77.0 54.8 70.1 26.7 29.8 42.8 70.9 40.1 35.8 69.8 56.8 38.8 33.6 51.4 58.2 56.6 33.4 30.4 31.6 51.4 8.5 48.1 35.8 45.3 42.6 12.9 31.9 42.7 64.1 10.6 71.7 21.5 40.0 64.8 15.5 52.1 82.6 56.7 40.1 29.0 67.6
30.3 81.1 44.3 43.4 21.9 42.4 83.0 44.7 74.6 45.4 31.2 74.1 18.5 49.0 62.8 34.2 50.5 52.8 0.0 34.3 44.1 24.4 62.0 66.9 84.7 24.7 16.6 44.8 25.6 87.1 74.6 40.0 95.0 60.2 22.6 81.7 68.9 29.6 50.0 56.0 6.3 34.9 91.3 21.7 61.0 82.8 84.2 17.8 61.0 27.6 62.4 81.4 30.4 68.3 41.1 53.1 25.7 77.6 66.7 29.1
48.1 102.4 43.5 53.0 44.9 41.3 88.8 72.5 97.6 78.6 32.1 91.8 26.5 71.5 72.9 68.1 52.8 77.0 34.3 0.0 78.1 48.7 93.0 97.9 95.9 48.1 50.0 78.5 8.7 90.1 106.3 73.4 125.2 53.1 55.0 98.1 81.3 45.9 46.0 82.8 34.2 68.7 120.4 34.4 80.8 109.0 95.1 44.8 82.0 6.7 92.0 92.8 14.1 91.1 36.5 81.0 21.1 87.3 79.3 9.8
55.7 79.4 78.6 70.0 48.4 77.5 102.4 43.5 71.2 7.3 69.3 80.1 55.5 56.2 82.0 10.0 80.8 54.8 44.1 78.1 0.0 37.4 42.1 45.7 97.5 38.6 31.8 20.1 69.5 108.7 48.6 21.1 70.5 94.8 24.0 87.9 83.7 57.1 84.7 51.1 46.4 19.8 70.0 58.0 67.6 70.7 97.3 36.6 65.4 71.4 47.1 94.5 74.1 67.1 78.6 29.9 68.2 93.7 81.9 73.2
53.3 98.6 68.8 67.3 44.3 66.8 106.4 59.8 91.2 34.6 55.5 93.9 22.3 67.9 85.8 28.6 75.0 70.1 24.4 48.7 37.4 0.0 70.8 75.4 106.7 1.1 30.0 48.8 41.5 110.9 81.1 45.6 103.1 84.5 15.5 101.8 91.1 53.0 74.3 70.9 30.6 40.4 100.8 46.2 80.5 96.2 106.3 6.7 79.7 42.8 73.3 103.4 50.7 85.4 65.3 32.2 48.4 100.3 88.9 47.8
49.6 40.4 71.3 57.5 48.9 71.4 75.0 22.5 32.5 49.4 69.4 45.9 79.8 32.3 58.4 45.1 68.4 26.7 62.0 93.0 42.1 70.8 0.0 4.9 65.4 71.9 45.6 22.9 84.7 82.3 13.6 25.2 33.1 84.1 55.3 52.5 55.8 52.1 76.5 18.5 59.6 30.3 30.1 60.7 37.5 28.6 65.5 66.6 34.2 86.8 6.5 63.1 83.0 30.7 75.2 72.1 75.0 64.8 54.7 84.6
54.0 39.7 75.4 61.4 53.6 75.6 76.6 26.9 32.1 52.8 73.9 46.7 84.7 35.7 61.0 49.2 72.1 29.8 66.9 97.9 45.7 75.4 4.9 0.0 66.2 76.5 50.6 27.1 89.6 84.0 9.2 29.8 28.2 87.7 59.9 52.8 57.6 56.5 80.3 21.3 64.5 35.0 25.4 65.4 39.5 26.0 66.4 71.3 36.1 91.7 8.2 64.2 87.7 31.4 79.5 75.5 79.7 66.3 56.8 89.4
54.4 30.3 52.9 43.6 62.9 55.0 14.9 54.0 35.3 104.2 63.9 19.5 101.0 41.4 23.1 94.3 43.7 42.8 84.7 95.9 97.5 106.7 65.4 66.2 0.0 107.4 77.4 78.6 91.5 21.6 73.3 76.4 74.5 51.4 95.7 14.8 15.7 55.4 52.6 48.4 78.6 78.0 67.1 65.9 29.9 49.3 0.8 100.2 32.4 92.9 58.8 3.3 81.8 34.8 60.2 124.3 75.4 8.9 17.9 86.2
53.8 99.5 68.9 67.7 44.8 66.9 106.9 60.7 92.1 35.7 55.6 94.7 21.6 68.7 86.4 29.8 75.2 70.9 24.7 48.1 38.6 1.1 71.9 76.5 107.4 0.0 30.9 50.0 41.0 111.3 82.3 46.7 104.2 84.6 16.7 102.6 91.7 53.5 74.5 71.8 30.9 41.5 102.0 46.4 81.3 97.3 106.9 7.2 80.5 42.3 74.4 104.1 50.4 86.3 65.3 32.9 48.2 100.9 89.5 47.4
26.5 68.7 47.6 41.4 17.9 46.3 78.6 30.3 61.5 35.2 37.5 63.9 34.1 37.8 57.6 23.1 51.2 40.1 16.6 50.0 31.8 30.0 45.6 50.6 77.4 30.9 0.0 28.5 41.3 83.8 58.1 23.5 78.7 64.0 18.5 71.8 62.0 27.2 53.8 41.7 16.0 18.6 75.2 26.2 50.4 68.0 77.0 24.0 49.6 43.4 46.5 74.1 43.4 55.6 47.0 49.5 36.8 71.5 59.9 43.4
44.2 59.3 67.9 56.7 39.3 67.2 84.9 25.0 51.1 27.4 61.6 60.6 60.9 38.2 65.3 22.1 68.0 35.8 44.8 78.5 20.1 48.8 22.9 27.1 78.6 50.0 28.5 0.0 69.8 91.6 32.2 5.2 54.2 83.2 33.3 68.2 65.7 46.2 73.8 31.2 44.3 9.9 52.4 50.9 48.7 51.0 78.5 45.4 46.2 71.9 27.2 75.8 71.1 47.1 69.6 49.8 63.8 75.6 64.1 71.5
41.4 95.9 40.6 48.0 37.2 38.3 85.6 64.6 90.8 70.2 27.7 85.9 20.1 64.5 68.4 59.5 49.6 69.8 25.6 8.7 69.5 41.5 84.7 89.6 91.5 41.0 41.3 69.8 0.0 87.6 97.9 64.8 117.1 52.5 46.6 92.6 76.5 39.3 44.1 75.2 25.5 60.0 112.5 27.6 74.4 101.6 90.8 37.0 75.4 2.0 83.9 88.3 12.1 84.3 34.1 73.7 16.2 83.2 74.4 7.5
57.8 51.4 46.9 43.6 66.8 49.2 7.5 66.6 55.2 114.8 60.3 38.8 100.8 53.3 26.6 103.8 38.1 56.8 87.1 90.1 108.7 110.9 82.3 84.0 21.6 111.3 83.8 91.6 87.6 0.0 91.9 88.4 95.3 38.9 102.3 36.1 26.5 57.8 44.1 64.1 80.7 88.9 87.9 65.9 44.8 70.0 21.0 104.1 48.0 88.6 76.0 21.8 76.3 53.3 53.7 132.9 71.6 17.8 27.7 81.1
63.2 45.2 84.6 70.6 62.4 84.8 84.4 36.0 38.3 55.4 83.0 53.8 92.0 44.8 69.6 53.7 81.3 38.8 74.6 106.3 48.6 81.1 13.6 9.2 73.3 82.3 58.1 32.2 97.9 91.9 0.0 35.9 22.1 97.0 65.5 59.3 65.8 65.7 89.6 30.3 72.6 41.2 21.7 74.3 47.9 28.6 73.6 77.5 44.5 100.0 17.3 71.5 96.5 38.7 88.7 77.8 88.6 74.1 65.1 98.1
39.3 58.8 63.1 52.3 34.2 62.4 81.9 22.3 50.7 28.1 56.4 58.9 56.4 35.3 61.9 20.6 63.5 33.6 40.0 73.4 21.1 45.6 25.2 29.8 76.4 46.7 23.5 5.2 64.8 88.4 35.9 0.0 57.6 78.5 30.0 66.7 62.9 41.3 69.0 30.2 39.2 5.3 55.2 45.8 46.5 52.1 76.2 41.7 44.3 66.8 28.5 73.4 65.9 46.2 64.6 49.8 58.6 72.9 61.2 66.4
79.4 44.1 98.4 83.8 80.4 99.0 87.9 52.9 40.4 77.2 99.2 56.8 112.9 57.8 77.6 75.9 93.3 51.4 95.0 125.2 70.5 103.1 33.1 28.2 74.5 104.2 78.7 54.2 117.1 95.3 22.1 57.6 0.0 108.4 87.5 59.6 71.5 81.9 102.6 43.7 92.4 62.9 7.4 91.9 56.0 25.2 75.0 99.3 52.9 119.2 33.2 73.6 114.3 44.2 103.5 99.3 106.3 77.8 71.5 116.4
39.3 70.8 16.4 26.8 46.4 18.0 39.9 62.4 70.1 99.2 29.0 56.9 69.2 52.1 33.1 87.1 15.7 58.2 60.2 53.1 94.8 84.5 84.1 87.7 51.4 84.6 64.0 83.2 52.5 38.9 97.0 78.5 108.4 0.0 80.5 59.9 41.7 37.7 10.3 66.7 54.4 76.6 101.7 39.0 52.7 85.2 50.6 78.1 55.6 53.0 79.6 49.1 40.4 64.9 19.4 112.3 38.0 42.7 40.5 45.2
44.7 84.8 64.2 59.5 35.8 62.5 97.1 45.8 77.1 23.5 52.4 81.3 31.4 55.3 76.2 14.2 68.8 56.6 22.6 55.0 24.0 15.5 55.3 59.9 95.7 16.7 18.5 33.3 46.6 102.3 65.5 30.0 87.5 80.5 0.0 89.3 80.4 45.2 70.2 56.5 26.9 24.9 85.3 41.6 67.9 81.2 95.3 12.8 66.7 48.4 58.0 92.4 52.9 71.6 62.2 31.7 48.3 90.0 78.3 51.3
52.4 15.4 57.4 45.2 59.8 59.1 28.9 44.8 21.0 94.9 66.0 8.0 99.2 34.1 27.3 86.0 48.8 33.4 81.7 98.1 87.9 101.8 52.5 52.8 14.8 102.6 71.8 68.2 92.6 36.1 59.3 66.7 59.6 59.9 89.3 0.0 18.3 54.1 58.6 37.1 76.0 69.2 52.2 65.5 21.4 34.4 15.3 95.5 22.8 94.2 45.9 14.2 84.2 21.8 64.6 116.0 77.0 19.6 19.8 88.2
38.6 29.8 39.5 28.4 47.1 41.3 19.4 40.7 31.1 90.2 49.2 15.6 85.3 27.5 9.0 79.8 30.6 30.4 68.9 81.3 83.7 91.1 55.8 57.6 15.7 91.7 62.0 65.7 76.5 26.5 65.8 62.9 71.5 41.7 80.4 18.3 0.0 39.7 40.3 37.5 62.8 64.0 64.2 50.4 18.3 46.6 15.2 84.5 21.5 78.0 49.6 12.4 67.3 27.7 46.7 109.6 60.5 9.9 2.2 71.5
2.5 56.6 21.8 14.4 9.3 21.0 53.5 29.6 51.7 61.7 17.4 47.0 45.5 25.8 33.2 49.7 23.9 31.6 29.6 45.9 57.1 53.0 52.1 56.5 55.4 53.5 27.2 46.2 39.3 57.8 65.7 41.3 81.9 37.7 45.2 54.1 39.7 0.0 27.8 38.3 23.3 39.0 76.4 11.6 35.1 63.5 54.8 46.3 36.2 41.0 49.3 52.1 33.2 45.2 23.7 76.7 25.2 48.1 37.5 36.2
29.6 67.7 6.1 19.0 36.3 7.6 43.4 54.2 65.8 88.9 18.9 54.4 59.7 45.1 31.3 76.8 9.9 51.4 50.0 46.0 84.7 74.3 76.5 80.3 52.6 74.5 53.8 73.8 44.1 44.1 89.6 69.0 102.6 10.3 70.2 58.6 40.3 27.8 0.0 59.7 44.1 66.8 96.1 28.6 47.9 80.4 51.8 67.8 50.5 44.9 72.4 49.8 32.4 60.1 9.9 101.9 28.7 43.7 38.7 37.2
35.8 28.7 55.1 40.7 38.0 55.5 56.9 11.4 20.7 58.2 55.5 29.6 74.6 14.6 39.9 50.4 51.1 8.5 56.0 82.8 51.1 70.9 18.5 21.3 48.4 71.8 41.7 31.2 75.2 64.1 30.3 30.2 43.7 66.7 56.5 37.1 37.5 38.3 59.7 0.0 52.0 33.4 38.1 48.7 19.3 26.7 48.4 65.4 16.2 77.2 13.0 45.9 71.2 16.0 59.8 80.0 63.1 46.8 36.4 73.6
24.1 76.1 38.3 37.1 16.1 36.5 76.7 40.8 69.8 48.6 25.6 68.5 23.3 43.9 56.6 36.9 44.3 48.1 6.3 34.2 46.4 30.6 59.6 64.5 78.6 30.9 16.0 44.3 25.5 80.7 72.6 39.2 92.4 54.4 26.9 76.0 62.8 23.3 44.1 52.0 0.0 34.6 88.2 15.6 55.6 78.8 78.0 23.9 55.7 27.6 59.4 75.2 27.7 63.4 35.6 58.2 21.8 71.4 60.6 27.4
37.2 62.2 60.8 50.9 31.2 59.9 82.6 24.3 54.2 26.2 53.2 61.2 51.2 36.6 62.2 16.9 62.0 35.8 34.9 68.7 19.8 40.4 30.3 35.0 78.0 41.5 18.6 9.9 60.0 88.9 41.2 5.3 62.9 76.6 24.9 69.2 64.0 39.0 66.8 33.4 34.6 0.0 60.4 42.3 48.4 56.6 77.8 36.4 46.4 62.1 33.2 75.0 61.6 49.3 61.8 46.8 54.6 73.9 62.2 61.9
73.9 36.7 92.1 77.5 75.5 92.8 80.5 47.9 33.1 77.0 93.6 49.4 109.4 51.7 70.5 74.5 86.8 45.3 91.3 120.4 70.0 100.8 30.1 25.4 67.1 102.0 75.2 52.4 112.5 87.9 21.7 55.2 7.4 101.7 85.3 52.2 64.2 76.4 96.1 38.1 88.2 60.4 0.0 86.7 49.1 17.9 67.6 96.7 46.0 114.6 28.8 66.2 109.2 37.1 97.4 99.4 101.1 70.4 64.3 111.5
13.8 68.3 22.7 22.8 12.0 21.0 62.4 39.0 63.2 61.4 11.2 58.6 35.2 37.1 43.1 49.3 28.8 42.6 21.7 34.4 58.0 46.2 60.7 65.4 65.9 46.4 26.2 50.9 27.6 65.9 74.3 45.8 91.9 39.0 41.6 65.5 50.4 11.6 28.6 48.7 15.6 42.3 86.7 0.0 46.8 74.6 65.3 39.5 47.8 29.4 58.8 62.6 22.4 56.7 20.8 73.3 14.3 58.1 48.2 24.9
33.1 21.5 44.7 30.3 39.5 45.8 37.6 24.1 17.9 74.4 49.8 13.4 78.9 12.6 21.9 65.0 38.2 12.9 61.0 80.8 67.6 80.5 37.5 39.5 29.9 81.3 50.4 48.7 74.4 44.8 47.9 46.5 56.0 52.7 67.9 21.4 18.3 35.1 47.9 19.3 55.6 48.4 49.1 46.8 0.0 32.5 29.8 74.2 3.3 76.2 31.3 27.1 67.5 12.2 51.0 95.0 59.8 27.5 17.3 71.0
61.1 19.0 76.9 62.3 64.4 77.8 62.6 38.0 15.5 78.0 80.1 31.5 101.3 37.7 53.2 72.7 70.7 31.9 82.8 109.0 70.7 96.2 28.6 26.0 49.3 97.3 68.0 51.0 101.6 70.0 28.6 52.1 25.2 85.2 81.2 34.4 46.6 63.5 80.4 26.7 78.8 56.6 17.9 74.6 32.5 0.0 49.8 91.2 29.8 103.5 23.7 48.3 96.7 20.3 82.7 100.6 88.7 52.5 46.7 99.5
53.8 30.8 52.1 42.9 62.4 54.2 14.1 53.8 35.7 104.0 63.2 19.7 100.3 41.2 22.4 94.0 42.9 42.7 84.2 95.1 97.3 106.3 65.5 66.4 0.8 106.9 77.0 78.5 90.8 21.0 73.6 76.2 75.0 50.6 95.3 15.3 15.2 54.8 51.8 48.4 78.0 77.8 67.6 65.3 29.8 49.8 0.0 99.7 32.4 92.2 59.0 2.8 81.0 35.0 59.5 124.0 74.7 8.0 17.4 85.4
46.6 92.8 62.2 60.5 37.6 60.3 99.7 54.1 85.5 35.1 49.0 87.6 19.4 61.7 79.1 27.0 68.3 64.1 17.8 44.8 36.6 6.7 66.6 71.3 100.2 7.2 24.0 45.4 37.0 104.1 77.5 41.7 99.3 78.1 12.8 95.5 84.5 46.3 67.8 65.4 23.9 36.4 96.7 39.5 74.2 91.2 99.7 0.0 73.6 38.6 68.7 96.8 45.4 79.6 58.9 36.8 42.4 93.6 82.3 42.8
34.0 20.5 47.1 32.6 39.8 48.1 40.7 22.1 15.8 72.3 51.5 14.8 79.1 11.9 25.3 63.2 40.9 10.6 61.0 82.0 65.4 79.7 34.2 36.1 32.4 80.5 49.6 46.2 75.4 48.0 44.5 44.3 52.9 55.6 66.7 22.8 21.5 36.2 50.5 16.2 55.7 46.4 46.0 47.8 3.3 29.8 32.4 73.6 0.0 77.3 28.0 29.8 69.0 9.6 53.2 93.2 61.1 30.6 20.6 72.3
43.2 97.7 41.6 49.5 39.2 39.3 86.7 66.6 92.6 72.0 29.0 87.6 21.1 66.4 69.8 61.4 50.7 71.7 27.6 6.7 71.4 42.8 86.8 91.7 92.9 42.3 43.4 71.9 2.0 88.6 100.0 66.8 119.2 53.0 48.4 94.2 78.0 41.0 44.9 77.2 27.6 62.1 114.6 29.4 76.2 103.5 92.2 38.6 77.3 0.0 86.0 89.7 12.6 86.1 35.0 75.1 17.5 84.5 75.9 7.7
46.8 34.0 67.5 53.4 47.3 67.8 68.7 19.8 26.0 54.4 66.7 39.3 80.6 27.5 52.7 49.0 63.9 21.5 62.4 92.0 47.1 73.3 6.5 8.2 58.8 74.4 46.5 27.2 83.9 76.0 17.3 28.5 33.2 79.6 58.0 45.9 49.6 49.3 72.4 13.0 59.4 33.2 28.8 58.8 31.3 23.7 59.0 68.7 28.0 86.0 0.0 56.6 81.3 24.1 71.9 77.0 73.2 58.4 48.7 83.3
51.0 29.5 50.0 40.3 59.5 52.0 14.6 51.0 33.9 101.2 60.8 17.6 97.6 38.4 19.9 91.2 40.7 40.0 81.4 92.8 94.5 103.4 63.1 64.2 3.3 104.1 74.1 75.8 88.3 21.8 71.5 73.4 73.6 49.1 92.4 14.2 12.4 52.1 49.8 45.9 75.2 75.0 66.2 62.6 27.1 48.3 2.8 96.8 29.8 89.7 56.6 0.0 78.7 32.8 57.3 121.1 72.2 6.4 14.6 83.0
35.6 89.1 29.5 39.0 34.1 27.3 74.8 61.4 84.7 75.8 18.1 78.1 31.0 59.0 58.8 64.4 38.8 64.8 30.4 14.1 74.1 50.7 83.0 87.7 81.8 50.4 43.4 71.1 12.1 76.3 96.5 65.9 114.3 40.4 52.9 84.2 67.3 33.2 32.4 71.2 27.7 61.6 109.2 22.4 67.5 96.7 81.0 45.4 69.0 12.6 81.3 78.7 0.0 78.2 22.6 82.2 8.1 73.2 65.2 4.8
42.9 13.1 56.8 42.2 47.9 57.8 45.8 25.8 6.4 74.3 61.0 15.3 86.7 19.7 33.4 66.3 50.4 15.5 68.3 91.1 67.1 85.4 30.7 31.4 34.8 86.3 55.6 47.1 84.3 53.3 38.7 46.2 44.2 64.9 71.6 21.8 27.7 45.2 60.1 16.0 63.4 49.3 37.1 56.7 12.2 20.3 35.0 79.6 9.6 86.1 24.1 32.8 78.2 0.0 62.8 96.0 70.3 35.4 27.5 81.4
26.0 71.9 7.3 20.6 30.6 5.4 52.3 52.7 68.9 82.2 9.9 59.4 49.8 45.7 37.8 70.1 16.6 52.1 41.1 36.5 78.6 65.3 75.2 79.5 60.2 65.3 47.0 69.6 34.1 53.7 88.7 64.6 103.5 19.4 62.2 64.6 46.7 23.7 9.9 59.8 35.6 61.8 97.4 20.8 51.0 82.7 59.5 58.9 53.2 35.0 71.9 57.3 22.6 62.8 0.0 93.8 18.8 51.5 44.8 27.4
76.1 108.7 95.9 90.9 67.3 94.3 127.3 71.1 100.6 22.7 83.9 108.0 54.5 82.8 106.4 30.0 100.5 82.6 53.1 81.0 29.9 32.2 72.1 75.5 124.3 32.9 49.5 49.8 73.7 132.9 77.8 49.8 99.3 112.3 31.7 116.0 109.6 76.7 101.9 80.0 58.2 46.8 99.4 73.3 95.0 100.6 124.0 36.8 93.2 75.1 77.0 121.1 82.2 96.0 93.8 0.0 78.8 119.4 107.6 79.7
27.6 81.4 24.7 32.0 26.1 22.4 69.4 53.4 76.8 70.5 11.5 70.6 31.2 51.0 52.3 58.7 33.5 56.7 25.7 21.1 68.2 48.4 75.0 79.7 75.4 48.2 36.8 63.8 16.2 71.6 88.6 58.6 106.3 38.0 48.3 77.0 60.5 25.2 28.7 63.1 21.8 54.6 101.1 14.3 59.8 88.7 74.7 42.4 61.1 17.5 73.2 72.2 8.1 70.3 18.8 78.8 0.0 67.0 58.4 11.2
47.3 34.2 44.1 35.5 56.1 46.2 10.3 50.6 37.5 100.1 55.5 21.0 93.3 37.5 15.0 89.7 34.9 40.1 77.6 87.3 93.7 100.3 64.8 66.3 8.9 100.9 71.5 75.6 83.2 17.8 74.1 72.9 77.8 42.7 90.0 19.6 9.9 48.1 43.7 46.8 71.4 73.9 70.4 58.1 27.5 52.5 8.0 93.6 30.6 84.5 58.4 6.4 73.2 35.4 51.5 119.4 67.0 0.0 11.8 77.6
36.4 30.5 37.6 26.3 44.9 39.4 20.8 39.1 31.2 88.3 47.1 16.4 83.1 25.9 7.5 77.9 29.0 29.0 66.7 79.3 81.9 88.9 54.7 56.8 17.9 89.5 59.9 64.1 74.4 27.7 65.1 61.2 71.5 40.5 78.3 19.8 2.2 37.5 38.7 36.4 60.6 62.2 64.3 48.2 17.3 46.7 17.4 82.3 20.6 75.9 48.7 14.6 65.2 27.5 44.8 107.6 58.4 11.8 0.0 69.4
38.5 92.6 34.2 43.1 36.0 32.0 79.5 63.5 87.9 74.5 22.3 81.9 27.2 62.0 63.1 63.3 43.4 67.6 29.1 9.8 73.2 47.8 84.6 89.4 86.2 47.4 43.4 71.5 7.5 81.1 98.1 66.4 116.4 45.2 51.3 88.2 71.5 36.2 37.2 73.6 27.4 61.9 111.5 24.9 71.0 99.5 85.4 42.8 72.3 7.7 83.3 83.0 4.8 81.4 27.4 79.7 11.2 77.6 69.4 0.0
0         1381     
434       476      
111       161      
938       953      
0         35       
135       168      
1067      1091     
336       356      
1033      1052     
569       591      
31        63       
439       475      
1169      1200     
323       356      
190       220      
556       582      
123       171      
478       520      
648       680      
82        109      
844       881      
632       658      
506       534      
371       408      
257       273      
824       857      
677       699      
702       724      
57        82       
965       1006     
385       406      
526       563      
1296      1301     
155       202      
605       660      
234       259      
212       241      
3         41       
120       155      
348       371      
734       772      
530       564      
411       420      
0         42       
297       315      
429       443      
222       240      
634       665      
323       349      
783       809      
355       399      
228       255      
81        108      
290       341      
124       155      
593       603      
46        70       
218       236      
281       301      
60        89       
