60
0.0 68.6 83.5 80.9 83.5 78.1 53.5 46.5 50.6 76.6 21.4 28.7 61.0 17.0 75.8 88.6 80.5 19.2 81.7 24.9 81.4 42.4 43.4 40.9 68.4 87.1 39.1 63.8 82.4 36.0 5.8 25.0 51.3 36.0 69.9 62.1 1.0 71.2 60.2 43.0 32.4 73.3 70.8 55.0 32.4 33.4 59.2 41.4 65.9 38.7 74.2 58.7 26.2 34.4 21.0 73.0 49.6 66.1 62.9 56.0
68.6 0.0 17.0 56.0 18.7 56.8 46.0 23.1 26.6 60.7 70.3 88.7 39.6 61.3 8.4 35.3 81.7 60.7 89.3 45.2 43.2 77.3 37.6 74.1 9.3 32.6 56.3 71.2 27.1 45.5 62.8 69.1 48.5 32.9 12.1 63.3 67.6 10.2 35.5 25.7 73.7 38.8 83.6 52.2 66.5 35.2 37.9 55.7 14.7 52.0 49.9 10.7 49.3 97.7 47.9 76.8 33.7 53.1 83.4 44.6
83.5 17.0 0.0 52.2 3.5 54.0 51.0 37.0 43.5 58.9 86.9 101.2 55.0 74.3 15.4 23.6 81.8 77.2 90.3 61.2 37.0 86.0 54.6 82.8 23.8 20.9 73.3 74.4 17.0 55.9 77.9 80.6 54.1 48.9 14.5 66.2 82.6 12.6 38.5 41.5 84.1 35.9 86.5 68.4 83.5 50.6 53.5 72.7 29.6 61.0 47.7 24.9 61.7 110.5 63.5 78.3 41.6 54.0 88.1 48.8
80.9 56.0 52.2 0.0 48.8 3.8 27.3 51.0 72.7 9.2 95.8 82.7 90.7 64.5 62.1 32.5 31.9 86.8 41.0 71.5 15.6 56.7 79.7 54.6 65.1 34.2 94.8 32.2 35.6 45.1 77.2 62.9 29.5 63.5 44.2 25.9 80.3 46.6 25.2 59.3 61.2 17.2 41.2 99.0 99.3 61.5 88.5 95.5 69.6 42.5 7.3 51.2 55.0 92.0 70.1 31.1 35.5 15.3 47.0 25.0
83.5 18.7 3.5 48.8 0.0 50.7 48.7 36.9 45.2 55.7 87.7 100.2 57.5 73.6 18.4 20.0 78.7 78.0 87.2 61.8 33.6 84.2 56.2 81.0 26.3 17.3 74.9 71.7 13.5 54.7 77.9 79.4 51.9 49.4 13.7 63.5 82.5 12.2 36.2 42.1 82.7 32.7 83.8 70.7 84.8 50.9 56.0 74.4 32.1 59.5 44.5 25.4 61.0 109.6 63.8 75.3 40.0 51.2 85.6 46.4
78.1 56.8 54.0 3.8 50.7 0.0 24.8 50.2 72.3 5.6 93.5 79.2 90.4 61.6 63.2 35.4 28.9 84.7 37.9 69.7 18.3 53.0 78.7 50.9 65.8 36.8 93.4 28.4 37.8 42.6 74.7 59.6 26.7 62.2 45.2 22.1 77.6 47.7 24.3 58.4 57.7 18.3 37.6 98.2 97.5 60.1 88.2 94.2 70.0 39.5 6.8 51.3 52.5 88.4 68.1 27.6 34.1 12.1 43.2 22.7
53.5 46.0 51.0 27.3 48.7 24.8 0.0 30.6 53.1 24.4 68.7 58.3 71.6 37.4 54.0 42.7 38.2 60.1 44.5 45.7 30.2 36.5 57.4 33.5 53.1 42.6 70.2 25.4 40.1 17.8 49.9 37.4 3.3 39.9 37.5 17.9 52.9 40.1 12.7 37.8 37.6 22.9 37.8 77.1 73.2 37.1 69.2 71.2 55.7 15.7 20.7 36.9 27.7 67.8 43.7 32.2 13.4 13.4 37.5 2.9
46.5 23.1 37.0 51.0 36.9 50.2 30.6 0.0 22.5 52.1 52.2 65.6 41.0 38.1 31.2 44.9 68.9 42.4 75.1 25.7 43.8 55.8 28.6 52.6 26.4 43.0 44.9 55.4 37.7 23.7 40.9 46.1 31.9 14.1 23.5 48.4 45.6 24.7 25.8 8.3 51.2 36.4 67.5 48.0 51.8 14.3 38.7 45.2 27.0 31.2 43.7 12.5 26.2 74.5 27.0 62.8 17.3 42.0 65.2 30.6
50.6 26.6 43.5 72.7 45.2 72.3 53.1 22.5 0.0 74.5 46.5 76.1 18.5 49.8 30.2 60.0 91.4 37.7 97.2 25.8 63.5 73.5 11.2 70.5 21.2 57.5 29.9 77.3 51.9 43.0 45.0 60.2 54.1 17.5 35.6 70.7 49.6 35.0 47.9 15.5 66.9 56.9 89.1 27.0 40.7 21.5 16.1 29.1 16.7 51.0 65.6 23.2 41.0 83.8 30.1 85.1 39.9 64.6 85.9 53.2
76.6 60.7 58.9 9.2 55.7 5.6 24.4 52.1 74.5 0.0 93.0 75.8 92.9 59.8 67.4 40.9 23.3 84.4 32.3 70.0 23.8 49.0 80.4 47.0 69.4 42.3 94.3 23.2 43.0 41.9 73.5 56.8 25.6 63.4 49.3 17.8 76.2 51.9 26.7 60.2 54.3 23.0 32.0 100.0 97.6 60.9 90.6 95.1 73.4 37.8 11.1 54.5 51.6 84.9 68.1 21.9 35.3 10.9 37.9 22.8
21.4 70.3 86.9 95.8 87.7 93.5 68.7 52.2 46.5 93.0 0.0 48.2 50.3 36.6 75.9 97.1 99.9 9.8 101.9 26.5 93.4 63.6 36.1 62.0 67.2 95.2 23.3 83.1 89.9 51.0 21.0 46.1 67.3 38.4 75.1 80.4 21.1 75.7 72.5 45.7 53.7 85.3 91.2 40.1 12.5 37.9 49.1 25.6 63.2 55.9 88.7 62.3 41.4 51.6 26.1 92.4 61.4 82.1 83.8 70.8
28.7 88.7 101.2 82.7 100.2 79.2 58.3 65.6 76.1 75.8 48.2 0.0 88.7 27.4 96.8 99.9 71.0 47.9 69.0 50.9 88.5 28.4 70.7 29.3 90.8 99.2 67.8 56.1 95.6 45.7 33.0 21.2 55.1 59.4 86.6 58.3 29.5 88.6 69.1 65.0 21.5 81.1 58.1 83.6 60.2 55.8 86.8 70.1 89.6 43.0 77.6 78.0 39.5 9.5 46.2 64.2 61.0 67.5 48.7 61.2
61.0 39.6 55.0 90.7 57.5 90.4 71.6 41.0 18.5 92.9 50.3 88.7 0.0 64.3 39.7 74.9 109.8 44.0 115.6 38.2 80.5 90.0 18.2 87.1 31.2 72.2 27.8 95.6 66.7 60.8 55.9 75.4 72.6 34.2 50.8 89.1 60.1 49.5 66.2 33.8 82.6 74.4 107.3 14.8 40.5 38.1 2.3 25.8 25.3 68.7 83.7 39.9 57.4 95.4 42.9 103.5 58.4 83.0 103.7 71.7
17.0 61.3 74.3 64.5 73.6 61.6 37.4 38.1 49.8 59.8 36.6 27.4 64.3 0.0 69.3 75.5 63.6 30.9 65.2 26.2 66.5 28.2 46.1 26.0 63.4 74.5 48.5 46.8 70.3 20.9 15.5 11.3 34.9 32.5 59.9 45.0 16.8 61.7 45.7 37.7 19.0 58.6 54.5 62.1 45.4 28.7 62.2 50.5 62.4 22.0 58.1 50.7 12.6 36.3 21.5 56.1 35.9 49.5 47.3 40.1
75.8 8.4 15.4 62.1 18.4 63.2 54.0 31.2 30.2 67.4 75.9 96.8 39.7 69.3 0.0 37.7 89.0 66.6 96.8 51.7 48.2 85.8 41.5 82.5 9.1 34.9 60.0 79.1 30.0 53.9 69.9 77.3 56.6 39.8 18.0 71.1 74.7 15.5 43.1 32.8 82.1 44.9 91.6 53.5 71.0 42.4 38.4 59.1 14.7 60.5 56.4 19.1 57.4 105.6 54.8 84.5 42.1 60.5 91.5 52.5
88.6 35.3 23.6 32.5 20.0 35.4 42.7 44.9 60.0 40.9 97.1 99.9 74.9 75.5 37.7 0.0 64.3 87.3 73.3 70.6 17.1 79.2 70.1 76.3 44.3 2.7 88.3 60.9 8.1 54.8 83.5 78.7 46.1 59.1 24.4 53.0 87.7 25.4 30.8 52.3 80.1 20.6 71.9 86.8 96.5 59.2 73.1 88.1 50.0 57.0 30.6 37.1 63.3 109.5 71.4 62.4 39.6 39.8 75.7 39.9
80.5 81.7 81.8 31.9 78.7 28.9 38.2 68.9 91.4 23.3 99.9 71.0 109.8 63.6 89.0 64.3 0.0 92.7 9.1 81.0 47.2 42.6 95.1 42.2 89.9 65.7 106.2 16.7 66.3 51.7 78.9 56.6 37.4 77.4 71.1 20.9 80.3 73.7 46.2 76.0 51.2 46.0 14.1 114.7 106.9 74.2 107.5 107.5 93.1 44.9 34.2 74.1 59.6 78.7 77.9 7.4 51.6 28.6 23.5 38.4
19.2 60.7 77.2 86.8 78.0 84.7 60.1 42.4 37.7 84.4 9.8 47.9 44.0 30.9 66.6 87.3 92.7 0.0 95.4 16.7 83.8 59.0 28.1 56.9 58.1 85.4 19.9 76.1 80.1 42.5 16.3 41.5 58.8 28.6 65.3 72.7 18.5 65.9 63.1 35.9 49.4 75.8 84.9 36.1 14.5 28.1 42.5 22.2 54.3 48.1 79.6 52.6 33.3 53.0 16.7 85.3 52.0 73.5 78.1 62.0
81.7 89.3 90.3 41.0 87.2 37.9 44.5 75.1 97.2 32.3 101.9 69.0 115.6 65.2 96.8 73.3 9.1 95.4 0.0 84.9 56.2 41.3 100.2 41.6 97.2 74.6 110.0 20.1 75.1 56.0 80.8 57.0 43.1 82.4 79.1 26.6 81.6 81.7 53.8 81.7 50.7 54.6 11.0 119.6 109.8 79.0 113.3 111.5 100.1 48.6 43.0 81.2 63.0 76.0 81.4 12.4 58.0 36.4 20.2 45.2
24.9 45.2 61.2 71.5 61.8 69.7 45.7 25.7 25.8 70.0 26.5 50.9 38.2 26.2 51.7 70.6 81.0 16.7 84.9 0.0 67.5 53.2 20.0 50.6 43.9 68.7 25.1 64.9 63.4 29.3 19.2 37.4 45.0 12.3 48.8 60.3 23.9 49.6 47.1 19.7 44.9 59.6 75.1 36.3 27.8 11.4 36.1 26.6 41.1 36.3 64.2 36.3 22.0 58.2 4.7 73.8 36.1 59.1 69.7 47.2
81.4 43.2 37.0 15.6 33.6 18.3 30.2 43.8 63.5 23.8 93.4 88.5 80.5 66.5 48.2 17.1 47.2 83.8 56.2 67.5 0.0 65.2 71.9 62.6 52.5 18.6 88.7 44.5 20.2 45.6 77.0 67.5 33.4 57.6 31.0 37.0 80.7 33.1 21.2 52.1 67.6 8.1 55.1 90.4 95.0 56.5 78.4 89.0 57.5 45.7 13.8 40.5 55.2 98.0 67.2 45.4 32.1 23.8 59.5 27.2
42.4 77.3 86.0 56.7 84.2 53.0 36.5 55.8 73.5 49.0 63.6 28.4 90.0 28.2 85.8 79.2 42.6 59.0 41.3 53.2 65.2 0.0 72.2 3.2 82.2 79.1 76.7 27.9 76.5 32.1 43.0 17.5 33.1 56.2 71.7 31.2 42.6 74.1 49.0 59.0 9.9 58.8 30.2 89.6 73.4 52.2 87.8 78.6 82.8 25.3 52.8 66.8 32.6 36.6 48.8 35.8 44.4 42.2 21.3 39.3
43.4 37.6 54.6 79.7 56.2 78.7 57.4 28.6 11.2 80.4 36.1 70.7 18.2 46.1 41.5 70.1 95.1 28.1 100.2 20.0 71.9 72.2 0.0 69.4 32.4 67.7 18.7 80.1 62.1 44.3 38.1 57.2 57.8 17.7 45.8 74.2 42.4 45.5 54.5 20.3 64.5 64.8 91.3 19.6 29.5 21.2 16.1 18.2 27.7 52.2 72.4 32.9 39.8 77.6 24.7 88.4 45.0 69.9 87.0 58.1
40.9 74.1 82.8 54.6 81.0 50.9 33.5 52.6 70.5 47.0 62.0 29.3 87.1 26.0 82.5 76.3 42.2 56.9 41.6 50.6 62.6 3.2 69.4 0.0 78.9 76.1 74.3 26.8 73.5 28.9 41.1 15.9 30.1 53.1 68.5 29.3 41.0 70.8 46.0 55.8 9.0 56.1 30.5 86.9 71.4 49.1 84.8 76.2 79.6 22.0 50.4 63.5 29.6 38.0 46.2 35.2 41.2 39.8 22.0 36.4
68.4 9.3 23.8 65.1 26.3 65.8 53.1 26.4 21.2 69.4 67.2 90.8 31.2 63.4 9.1 44.3 89.9 58.1 97.2 43.9 52.5 82.2 32.4 78.9 0.0 41.5 50.8 78.6 36.2 50.0 62.6 72.2 55.3 32.3 21.5 70.8 67.4 19.5 43.6 25.9 77.6 48.0 91.0 44.6 61.9 35.4 29.7 49.9 5.8 57.2 58.9 16.2 52.1 99.4 47.3 84.7 40.2 61.3 90.0 52.1
87.1 32.6 20.9 34.2 17.3 36.8 42.6 43.0 57.5 42.3 95.2 99.2 72.2 74.5 34.9 2.7 65.7 85.4 74.6 68.7 18.6 79.1 67.7 76.1 41.5 0.0 85.9 61.7 5.6 53.8 82.0 78.0 45.9 57.0 21.9 53.7 86.3 22.7 30.3 50.2 79.6 21.1 72.9 84.2 94.3 57.3 70.4 85.8 47.2 56.4 31.7 34.7 62.1 108.8 69.6 63.5 38.5 40.5 76.4 39.7
39.1 56.3 73.3 94.8 74.9 93.4 70.2 44.9 29.9 94.3 23.3 67.8 27.8 48.5 60.0 88.3 106.2 19.9 110.0 25.1 88.7 76.7 18.7 74.3 50.8 85.9 0.0 90.1 80.4 54.4 35.5 59.7 69.8 31.3 64.2 85.4 38.3 64.1 69.8 36.6 67.6 81.2 100.2 16.7 12.6 33.3 27.0 2.3 45.8 61.4 87.5 51.2 47.0 72.9 28.7 99.0 59.3 83.4 94.4 71.4
63.8 71.2 74.4 32.2 71.7 28.4 25.4 55.4 77.3 23.2 83.1 56.1 95.6 46.8 79.1 60.9 16.7 76.1 20.1 64.9 44.5 27.9 80.1 26.8 78.6 61.7 90.1 0.0 60.9 35.9 62.2 40.2 23.5 62.3 62.0 8.2 63.6 64.6 36.2 61.8 35.4 40.5 12.4 99.4 90.4 58.9 93.3 91.5 81.1 28.6 30.7 62.4 43.2 64.5 61.6 9.2 38.6 21.1 14.9 26.6
82.4 27.1 17.0 35.6 13.5 37.8 40.1 37.7 51.9 43.0 89.9 95.6 66.7 70.3 30.0 8.1 66.3 80.1 75.1 63.4 20.2 76.5 62.1 73.5 36.2 5.6 80.4 60.9 0.0 49.9 77.2 74.4 43.5 51.6 16.3 52.7 81.6 17.2 27.5 44.7 76.5 20.5 72.5 78.6 88.8 52.0 64.9 80.2 41.9 53.1 32.0 29.1 57.8 105.2 64.5 63.5 34.6 39.8 75.3 37.4
36.0 45.5 55.9 45.1 54.7 42.6 17.8 23.7 43.0 41.9 51.0 45.7 60.8 20.9 53.9 54.8 51.7 42.5 56.0 29.3 45.6 32.1 44.3 28.9 50.0 53.8 54.4 35.9 49.9 0.0 32.1 24.7 16.3 26.7 41.3 30.9 35.4 43.5 24.7 27.7 28.3 37.6 46.9 63.5 56.1 23.1 58.4 55.7 50.7 7.9 38.3 34.8 9.9 55.3 26.6 44.7 15.3 31.0 42.9 20.1
5.8 62.8 77.9 77.2 77.9 74.7 49.9 40.9 45.0 73.5 21.0 33.0 55.9 15.5 69.9 83.5 78.9 16.3 80.8 19.2 77.0 43.0 38.1 41.1 62.6 82.0 35.5 62.2 77.2 32.1 0.0 25.4 48.0 30.2 64.3 59.9 4.8 65.6 55.8 37.1 33.2 68.9 70.1 50.8 30.4 27.6 54.1 37.7 60.1 35.8 70.4 53.0 22.2 39.5 15.2 71.5 44.9 62.8 62.7 52.2
25.0 69.1 80.6 62.9 79.4 59.6 37.4 46.1 60.2 56.8 46.1 21.2 75.4 11.3 77.3 78.7 56.6 41.5 57.0 37.4 67.5 17.5 57.2 15.9 72.2 78.0 59.7 40.2 74.4 24.7 25.4 0.0 34.3 42.7 66.0 40.3 25.1 68.0 47.9 47.1 7.8 60.0 46.0 73.4 55.9 38.8 73.2 61.7 71.8 21.9 57.3 58.3 20.1 30.8 32.8 49.2 39.9 47.6 37.9 40.3
51.3 48.5 54.1 29.5 51.9 26.7 3.3 31.9 54.1 25.6 67.3 55.1 72.6 34.9 56.6 46.1 37.4 58.8 43.1 45.0 33.4 33.1 57.8 30.1 55.3 45.9 69.8 23.5 43.5 16.3 48.0 34.3 0.0 40.1 40.4 16.5 50.8 43.0 16.0 38.7 34.3 26.2 35.7 77.4 72.3 37.1 70.2 71.0 57.6 12.9 23.3 39.1 25.9 64.6 42.7 30.9 15.1 14.8 34.9 6.3
36.0 32.9 48.9 63.5 49.4 62.2 39.9 14.1 17.5 63.4 38.4 59.4 34.2 32.5 39.8 59.1 77.4 28.6 82.4 12.3 57.6 56.2 17.7 53.1 32.3 57.0 31.3 62.3 51.6 26.7 30.2 42.7 40.1 0.0 36.7 56.5 35.0 37.3 38.4 7.3 49.4 49.9 73.6 37.3 37.6 4.0 31.9 32.0 30.3 34.6 56.1 24.0 23.5 67.5 15.0 70.6 28.1 52.7 69.6 40.8
69.9 12.1 14.5 44.2 13.7 45.2 37.5 23.5 35.6 49.3 75.1 86.6 50.8 59.9 18.0 24.4 71.1 65.3 79.1 48.8 31.0 71.7 45.8 68.5 21.5 21.9 64.2 62.0 16.3 41.3 64.3 66.0 40.4 36.7 0.0 53.8 69.0 2.6 25.7 29.4 69.6 26.9 74.3 62.3 73.2 37.7 48.9 64.0 26.6 46.6 38.4 13.1 47.3 96.0 50.5 66.8 27.2 42.6 75.0 35.6
62.1 63.3 66.2 25.9 63.5 22.1 17.9 48.4 70.7 17.8 80.4 58.3 89.1 45.0 71.1 53.0 20.9 72.7 26.6 60.3 37.0 31.2 74.2 29.3 70.8 53.7 85.4 8.2 52.7 30.9 59.9 40.3 16.5 56.5 53.8 0.0 61.9 56.5 28.1 55.3 36.9 32.5 20.4 93.8 86.7 53.2 86.8 86.7 73.6 24.6 23.3 54.7 39.4 67.3 57.4 14.3 31.3 13.2 22.6 18.7
1.0 67.6 82.6 80.3 82.5 77.6 52.9 45.6 49.6 76.2 21.1 29.5 60.1 16.8 74.7 87.7 80.3 18.5 81.6 23.9 80.7 42.6 42.4 41.0 67.4 86.3 38.3 63.6 81.6 35.4 4.8 25.1 50.8 35.0 69.0 61.9 0.0 70.3 59.5 42.0 32.6 72.6 70.8 54.1 31.8 32.4 58.3 40.6 64.9 38.3 73.7 57.7 25.5 35.3 20.0 72.9 48.8 65.6 63.0 55.4
71.2 10.2 12.6 46.6 12.2 47.7 40.1 24.7 35.0 51.9 75.7 88.6 49.5 61.7 15.5 25.4 73.7 65.9 81.7 49.6 33.1 74.1 45.5 70.8 19.5 22.7 64.1 64.6 17.2 43.5 65.6 68.0 43.0 37.3 2.6 56.5 70.3 0.0 28.3 30.0 71.8 29.4 77.0 61.5 73.3 38.6 47.7 63.7 24.9 48.9 40.9 13.3 49.1 97.9 51.5 69.4 29.6 45.3 77.7 38.2
60.2 35.5 38.5 25.2 36.2 24.3 12.7 25.8 47.9 26.7 72.5 69.1 66.2 45.7 43.1 30.8 46.2 63.1 53.8 47.1 21.2 49.0 54.5 46.0 43.6 30.3 69.8 36.2 27.5 24.7 55.8 47.9 16.0 38.4 25.7 28.1 59.5 28.3 0.0 34.1 49.3 13.1 48.6 73.9 74.9 36.7 63.9 70.4 47.1 26.1 17.9 28.0 34.1 78.7 46.4 41.4 11.1 17.7 49.6 10.2
43.0 25.7 41.5 59.3 42.1 58.4 37.8 8.3 15.5 60.2 45.7 65.0 33.8 37.7 32.8 52.3 76.0 35.9 81.7 19.7 52.1 59.0 20.3 55.8 25.9 50.2 36.6 61.8 44.7 27.7 37.1 47.1 38.7 7.3 29.4 55.3 42.0 30.0 34.1 0.0 53.1 44.7 73.6 39.8 44.1 9.6 31.5 36.9 24.7 35.6 52.0 16.7 27.1 73.5 22.2 69.6 24.9 49.8 70.5 38.2
32.4 73.7 84.1 61.2 82.7 57.7 37.6 51.2 66.9 54.3 53.7 21.5 82.6 19.0 82.1 80.1 51.2 49.4 50.7 44.9 67.6 9.9 64.5 9.0 77.6 79.6 67.6 35.4 76.5 28.3 33.2 7.8 34.3 49.4 69.6 36.9 32.6 71.8 49.3 53.1 0.0 60.5 39.6 81.1 63.7 45.4 80.4 69.5 77.6 23.4 56.3 63.0 26.0 30.7 40.4 44.0 42.6 46.0 31.0 40.5
73.3 38.8 35.9 17.2 32.7 18.3 22.9 36.4 56.9 23.0 85.3 81.1 74.4 58.6 44.9 20.6 46.0 75.8 54.6 59.6 8.1 58.8 64.8 56.1 48.0 21.1 81.2 40.5 20.5 37.6 68.9 60.0 26.2 49.9 26.9 32.5 72.6 29.4 13.1 44.7 60.5 0.0 52.0 83.7 87.1 48.7 72.3 81.6 52.5 38.1 11.8 34.5 47.2 90.7 59.1 43.0 24.0 19.4 55.2 19.9
70.8 83.6 86.5 41.2 83.8 37.6 37.8 67.5 89.1 32.0 91.2 58.1 107.3 54.5 91.6 71.9 14.1 84.9 11.0 75.1 55.1 30.2 91.3 30.5 91.0 72.9 100.2 12.4 72.5 46.9 70.1 46.0 35.7 73.6 74.3 20.4 70.8 77.0 48.6 73.6 39.6 52.0 0.0 110.4 99.4 70.0 105.0 101.7 93.4 39.1 41.3 74.8 53.1 65.4 71.5 10.3 50.9 32.7 9.6 39.0
55.0 52.2 68.4 99.0 70.7 98.2 77.1 48.0 27.0 100.0 40.1 83.6 14.8 62.1 53.5 86.8 114.7 36.1 119.6 36.3 90.4 89.6 19.6 86.9 44.6 84.2 16.7 99.4 78.6 63.5 50.8 73.4 77.4 37.3 62.3 93.8 54.1 61.5 73.9 39.8 81.1 83.7 110.4 0.0 28.6 40.5 15.4 14.4 38.9 71.2 91.8 50.3 58.0 89.2 40.8 107.9 64.7 89.5 105.6 77.7
32.4 66.5 83.5 99.3 84.8 97.5 73.2 51.8 40.7 97.6 12.5 60.2 40.5 45.4 71.0 96.5 106.9 14.5 109.8 27.8 95.0 73.4 29.5 71.4 61.9 94.3 12.6 90.4 88.8 56.1 30.4 55.9 72.3 37.6 73.2 86.7 31.8 73.3 74.9 44.1 63.7 87.1 99.4 28.6 0.0 38.4 39.7 14.7 57.2 62.2 92.0 60.1 47.3 64.1 29.5 99.6 63.9 86.6 92.7 74.9
33.4 35.2 50.6 61.5 50.9 60.1 37.1 14.3 21.5 60.9 37.9 55.8 38.1 28.7 42.4 59.2 74.2 28.1 79.0 11.4 56.5 52.2 21.2 49.1 35.4 57.3 33.3 58.9 52.0 23.1 27.6 38.8 37.1 4.0 37.7 53.2 32.4 38.6 36.7 9.6 45.4 48.7 70.0 40.5 38.4 0.0 35.8 34.2 33.8 30.9 54.2 25.6 19.5 64.1 12.9 67.3 26.0 50.1 65.8 38.2
59.2 37.9 53.5 88.5 56.0 88.2 69.2 38.7 16.1 90.6 49.1 86.8 2.3 62.2 38.4 73.1 107.5 42.5 113.3 36.1 78.4 87.8 16.1 84.8 29.7 70.4 27.0 93.3 64.9 58.4 54.1 73.2 70.2 31.9 48.9 86.8 58.3 47.7 63.9 31.5 80.4 72.3 105.0 15.4 39.7 35.8 0.0 25.2 23.9 66.4 81.5 37.9 55.1 93.6 40.9 101.2 56.1 80.7 101.4 69.4
41.4 55.7 72.7 95.5 74.4 94.2 71.2 45.2 29.1 95.1 25.6 70.1 25.8 50.5 59.1 88.1 107.5 22.2 111.5 26.6 89.0 78.6 18.2 76.2 49.9 85.8 2.3 91.5 80.2 55.7 37.7 61.7 71.0 32.0 64.0 86.7 40.6 63.7 70.4 36.9 69.5 81.6 101.7 14.4 14.7 34.2 25.2 0.0 44.7 62.8 88.1 51.0 48.6 75.2 30.3 100.4 60.1 84.3 96.1 72.4
65.9 14.7 29.6 69.6 32.1 70.0 55.7 27.0 16.7 73.4 63.2 89.6 25.3 62.4 14.7 50.0 93.1 54.3 100.1 41.1 57.5 82.8 27.7 79.6 5.8 47.2 45.8 81.1 41.9 50.7 60.1 71.8 57.6 30.3 26.6 73.6 64.9 24.9 47.1 24.7 77.6 52.5 93.4 38.9 57.2 33.8 23.9 44.7 0.0 58.2 63.1 19.0 51.7 97.9 44.9 87.7 42.5 64.8 91.9 54.9
38.7 52.0 61.0 42.5 59.5 39.5 15.7 31.2 51.0 37.8 55.9 43.0 68.7 22.0 60.5 57.0 44.9 48.1 48.6 36.3 45.7 25.3 52.2 22.0 57.2 56.4 61.4 28.6 53.1 7.9 35.8 21.9 12.9 34.6 46.6 24.6 38.3 48.9 26.1 35.6 23.4 38.1 39.1 71.2 62.2 30.9 66.4 62.8 58.2 0.0 36.3 41.6 14.8 52.6 33.0 37.6 19.4 27.4 35.0 18.6
74.2 49.9 47.7 7.3 44.5 6.8 20.7 43.7 65.6 11.1 88.7 77.6 83.7 58.1 56.4 30.6 34.2 79.6 43.0 64.2 13.8 52.8 72.4 50.4 58.9 31.7 87.5 30.7 32.0 38.3 70.4 57.3 23.3 56.1 38.4 23.3 73.7 40.9 17.9 52.0 56.3 11.8 41.3 91.8 92.0 54.2 81.5 88.1 63.1 36.3 0.0 44.5 48.2 87.0 62.9 31.8 28.2 10.6 45.7 18.2
58.7 10.7 24.9 51.2 25.4 51.3 36.9 12.5 23.2 54.5 62.3 78.0 39.9 50.7 19.1 37.1 74.1 52.6 81.2 36.3 40.5 66.8 32.9 63.5 16.2 34.7 51.2 62.4 29.1 34.8 53.0 58.3 39.1 24.0 13.1 54.7 57.7 13.3 28.0 16.7 63.0 34.5 74.8 50.3 60.1 25.6 37.9 51.0 19.0 41.6 44.5 0.0 38.5 87.0 38.5 68.7 24.0 45.7 73.8 36.0
26.2 49.3 61.7 55.0 61.0 52.5 27.7 26.2 41.0 51.6 41.4 39.5 57.4 12.6 57.4 63.3 59.6 33.3 63.0 22.0 55.2 32.6 39.8 29.6 52.1 62.1 47.0 43.2 57.8 9.9 22.2 20.1 25.9 23.5 47.3 39.4 25.5 49.1 34.1 27.1 26.0 47.2 53.1 58.0 47.3 19.5 55.1 48.6 51.7 14.8 48.2 38.5 0.0 48.7 18.4 52.3 23.7 40.8 47.7 30.0
34.4 97.7 110.5 92.0 109.6 88.4 67.8 74.5 83.8 84.9 51.6 9.5 95.4 36.3 105.6 109.5 78.7 53.0 76.0 58.2 98.0 36.6 77.6 38.0 99.4 108.8 72.9 64.5 105.2 55.3 39.5 30.8 64.6 67.5 96.0 67.3 35.3 97.9 78.7 73.5 30.7 90.7 65.4 89.2 64.1 64.1 93.6 75.2 97.9 52.6 87.0 87.0 48.7 0.0 53.7 72.2 70.5 76.8 55.8 70.8
21.0 47.9 63.5 70.1 63.8 68.1 43.7 27.0 30.1 68.1 26.1 46.2 42.9 21.5 54.8 71.4 77.9 16.7 81.4 4.7 67.2 48.8 24.7 46.2 47.3 69.6 28.7 61.6 64.5 26.6 15.2 32.8 42.7 15.0 50.5 57.4 20.0 51.5 46.4 22.2 40.4 59.1 71.5 40.8 29.5 12.9 40.9 30.3 44.9 33.0 62.9 38.5 18.4 53.7 0.0 70.7 35.2 57.1 65.7 45.4
73.0 76.8 78.3 31.1 75.3 27.6 32.2 62.8 85.1 21.9 92.4 64.2 103.5 56.1 84.5 62.4 7.4 85.3 12.4 73.8 45.4 35.8 88.4 35.2 84.7 63.5 99.0 9.2 63.5 44.7 71.5 49.2 30.9 70.6 66.8 14.3 72.9 69.4 41.4 69.6 44.0 43.0 10.3 107.9 99.6 67.3 101.2 100.4 87.7 37.6 31.8 68.7 52.3 72.2 70.7 0.0 45.6 24.2 18.2 32.7
49.6 33.7 41.6 35.5 40.0 34.1 13.4 17.3 39.9 35.3 61.4 61.0 58.4 35.9 42.1 39.6 51.6 52.0 58.0 36.1 32.1 44.4 45.0 41.2 40.2 38.5 59.3 38.6 34.6 15.3 44.9 39.9 15.1 28.1 27.2 31.3 48.8 29.6 11.1 24.9 42.6 24.0 50.9 64.7 63.9 26.0 56.1 60.1 42.5 19.4 28.2 24.0 23.7 70.5 35.2 45.6 0.0 24.8 49.8 13.3
66.1 53.1 54.0 15.3 51.2 12.1 13.4 42.0 64.6 10.9 82.1 67.5 83.0 49.5 60.5 39.8 28.6 73.5 36.4 59.1 23.8 42.2 69.9 39.8 61.3 40.5 83.4 21.1 39.8 31.0 62.8 47.6 14.8 52.7 42.6 13.2 65.6 45.3 17.7 49.8 46.0 19.4 32.7 89.5 86.6 50.1 80.7 84.3 64.8 27.4 10.6 45.7 40.8 76.8 57.1 24.2 24.8 0.0 35.8 11.9
62.9 83.4 88.1 47.0 85.6 43.2 37.5 65.2 85.9 37.9 83.8 48.7 103.7 47.3 91.5 75.7 23.5 78.1 20.2 69.7 59.5 21.3 87.0 22.0 90.0 76.4 94.4 14.9 75.3 42.9 62.7 37.9 34.9 69.6 75.0 22.6 63.0 77.7 49.6 70.5 31.0 55.2 9.6 105.6 92.7 65.8 101.4 96.1 91.9 35.0 45.7 73.8 47.7 55.8 65.7 18.2 49.8 35.8 0.0 39.4
56.0 44.6 48.8 25.0 46.4 22.7 2.9 30.6 53.2 22.8 70.8 61.2 71.7 40.1 52.5 39.9 38.4 62.0 45.2 47.2 27.2 39.3 58.1 36.4 52.1 39.7 71.4 26.6 37.4 20.1 52.2 40.3 6.3 40.8 35.6 18.7 55.4 38.2 10.2 38.2 40.5 19.9 39.0 77.7 74.9 38.2 69.4 72.4 54.9 18.6 18.2 36.0 30.0 70.8 45.4 32.7 13.3 11.9 39.4 0.0
0         1300     
194       245      
211       262      
296       338      
635       668      
319       356      
529       559      
40        64       
77        112      
314       352      
789       829      
868       901      
123       144      
835       843      
142       193      
262       297      
967       974      
735       762      
409       428      
736       774      
273       311      
438       480      
679       701      
472       491      
163       185      
1155      1173     
710       718      
382       419      
249       294      
551       591      
0         33       
902       942      
506       537      
42        67       
179       210      
354       369      
760       795      
243       269      
522       556      
17        68       
468       490      
606       636      
419       453      
105       141      
712       741      
29        36       
88        102      
1228      1258     
152       180      
490       528      
288       334      
186       209      
835       864      
1031      1077     
16        44       
361       406      
567       595      
320       347      
385       421      
524       540      
