60
0.0 102.9 77.9 54.1 39.0 54.4 10.4 17.4 39.0 32.2 59.8 53.8 34.1 25.4 85.3 29.3 25.1 61.3 88.2 36.2 88.8 33.5 21.0 24.9 60.1 43.2 78.6 28.8 78.8 53.1 92.3 57.5 44.3 60.8 27.1 66.0 35.8 45.2 48.4 84.2 21.5 4.8 52.2 99.0 34.3 20.9 60.9 17.8 67.4 16.2 34.8 44.0 75.9 34.1 85.9 47.3 52.6 26.5 33.1 67.1
102.9 0.0 74.2 50.4 83.3 64.8 96.2 107.7 112.8 122.8 43.5 56.7 128.0 102.0 53.3 98.6 77.8 60.2 43.8 90.1 43.2 69.4 108.4 94.3 71.6 76.0 87.1 97.3 25.0 51.1 21.9 56.5 61.3 57.2 79.8 38.2 84.7 69.8 68.7 21.6 108.5 105.9 50.7 7.9 118.2 103.4 76.6 100.8 64.6 96.9 112.4 65.5 68.9 87.8 32.9 80.5 75.1 100.7 96.3 35.8
77.9 74.2 0.0 46.8 90.7 27.4 79.3 69.6 59.7 76.5 51.5 76.3 82.5 59.0 22.2 53.7 62.5 23.7 31.8 43.5 32.4 59.3 67.6 54.7 18.2 35.0 12.9 53.1 66.6 64.3 52.5 80.5 45.6 27.0 74.9 65.1 89.3 82.7 31.9 54.8 67.3 82.8 57.1 66.4 69.0 93.1 101.9 89.2 14.6 84.9 62.1 75.7 5.5 44.5 41.2 30.8 25.3 57.2 49.3 56.0
54.1 50.4 46.8 0.0 48.2 22.2 49.3 57.3 63.6 72.4 7.7 29.6 77.6 51.8 40.1 48.8 29.4 23.1 38.7 41.3 39.0 21.6 57.9 44.1 33.0 28.4 56.2 47.3 29.5 17.5 38.2 33.7 10.9 19.7 36.5 21.1 47.8 37.6 22.6 30.2 58.0 57.7 10.3 45.5 68.2 59.8 55.6 56.4 32.1 52.0 62.7 30.6 41.7 38.5 33.0 34.9 31.9 50.6 46.9 15.8
39.0 83.3 90.7 48.2 0.0 63.2 28.6 54.9 74.3 71.0 48.9 26.6 73.1 58.9 88.1 60.4 30.5 67.8 86.7 61.5 87.0 31.4 58.1 53.9 73.3 58.9 96.6 59.2 58.6 34.8 81.1 27.4 45.3 65.3 17.3 45.8 3.2 13.5 59.2 70.6 58.6 38.2 39.5 82.3 72.0 25.2 21.9 24.8 76.6 23.6 70.7 18.7 86.6 58.1 79.5 66.0 68.0 59.1 62.3 52.4
54.4 64.8 27.4 22.2 63.2 0.0 53.9 50.5 49.2 62.2 29.0 50.4 68.0 41.7 31.0 37.1 35.7 7.0 35.3 27.0 35.9 31.9 49.7 35.0 10.9 13.0 34.7 35.9 48.9 39.0 46.7 54.9 18.3 8.1 47.6 43.1 61.9 55.5 6.1 43.2 49.6 59.0 31.8 58.2 56.2 67.1 75.2 63.2 13.8 58.8 49.7 48.7 23.5 25.8 36.9 15.7 10.5 40.0 33.6 35.8
10.4 96.2 79.3 49.3 28.6 53.9 0.0 26.9 47.7 42.5 54.1 44.7 44.5 32.9 83.9 35.8 19.9 60.3 85.8 40.6 86.3 27.7 30.3 30.2 61.1 44.3 81.7 35.1 71.6 45.5 87.5 48.0 40.7 59.2 17.7 58.5 25.4 35.2 48.1 78.6 30.8 10.6 45.7 93.0 44.0 14.1 50.4 10.2 67.5 6.8 43.7 34.6 76.6 37.8 82.1 49.7 54.1 33.7 38.9 60.8
17.4 107.7 69.6 57.3 54.9 50.5 26.9 0.0 21.9 16.9 64.3 65.1 20.9 10.9 81.1 16.1 32.9 57.6 85.8 26.0 86.5 40.5 3.6 15.5 53.1 37.7 67.7 16.5 85.2 61.4 94.0 69.3 46.4 58.1 40.4 73.4 51.8 58.8 44.5 87.3 4.1 20.9 58.5 102.8 17.1 38.2 76.3 35.2 61.6 33.4 17.4 56.1 68.7 25.5 85.9 39.1 45.5 12.6 20.5 72.3
39.0 112.8 59.7 63.6 74.3 49.2 47.7 21.9 0.0 17.9 71.4 79.3 23.6 15.5 76.1 15.6 47.5 55.4 82.9 22.6 83.6 53.0 18.2 21.9 47.0 36.9 54.1 17.1 93.1 72.9 95.8 83.9 53.1 57.3 58.2 83.1 71.4 75.8 44.3 91.4 17.7 42.8 68.2 106.7 10.0 59.9 94.8 56.8 56.2 54.5 4.5 71.6 60.5 25.1 86.1 33.9 40.4 15.5 16.7 79.5
32.2 122.8 76.5 72.4 71.0 62.2 42.5 16.9 17.9 0.0 79.8 82.0 6.0 20.9 91.3 25.1 49.7 69.0 97.2 35.3 97.9 57.1 14.9 28.4 62.3 49.3 71.9 26.3 101.1 78.0 107.8 86.2 61.5 70.3 57.2 89.7 67.8 75.6 56.6 101.9 14.7 34.3 74.7 117.4 7.9 51.7 92.7 49.4 71.4 48.4 14.5 73.0 76.8 36.4 98.9 48.3 55.1 22.4 28.7 87.8
59.8 43.5 51.5 7.7 48.9 29.0 54.1 64.3 71.4 79.8 0.0 26.7 84.8 59.3 41.6 56.4 34.8 28.6 38.4 49.1 38.6 26.5 65.1 51.5 39.4 36.1 61.8 54.9 21.7 14.9 33.6 30.2 18.4 25.0 39.6 14.1 49.0 36.9 30.1 24.4 65.2 63.2 9.4 39.2 75.7 63.4 53.1 60.2 37.2 56.0 70.4 30.3 46.2 46.2 30.6 42.4 39.1 58.1 54.6 8.1
53.8 56.7 76.3 29.6 26.6 50.4 44.7 65.1 79.3 82.0 26.7 0.0 85.7 64.5 68.3 63.7 32.4 52.6 64.9 60.3 65.0 26.3 67.2 57.4 61.4 51.7 85.1 62.3 32.0 12.1 55.8 4.7 32.8 49.3 26.9 19.7 28.1 13.1 48.7 45.1 67.6 55.3 19.2 55.8 80.4 48.3 26.3 46.3 61.7 43.2 76.9 10.0 71.3 56.8 55.9 59.2 58.5 64.0 63.8 27.7
34.1 128.0 82.5 77.6 73.1 68.0 44.5 20.9 23.6 6.0 84.8 85.7 0.0 26.5 97.3 30.9 53.8 74.9 103.1 41.2 103.8 61.4 19.6 33.9 68.3 55.1 77.7 32.1 106.0 82.3 113.3 89.8 66.6 76.1 60.2 94.3 69.9 78.7 62.4 107.3 19.5 35.4 79.3 122.8 13.6 52.3 95.0 50.4 77.3 49.9 20.4 76.4 82.8 42.2 104.6 54.3 61.0 28.0 34.6 92.8
25.4 102.0 59.0 51.8 58.9 41.7 32.9 10.9 15.5 20.9 59.3 64.5 26.5 0.0 71.6 5.2 32.3 48.6 76.9 15.6 77.6 38.4 8.6 7.7 43.0 28.7 56.8 5.9 80.8 58.9 86.8 69.0 40.9 49.6 42.7 69.9 55.9 60.3 35.9 81.1 8.4 29.7 54.8 96.6 16.5 46.0 79.3 42.5 51.8 39.8 12.4 56.4 58.4 15.9 78.1 28.9 35.5 1.7 9.7 67.4
85.3 53.3 22.2 40.1 88.1 31.0 83.9 81.1 76.1 91.3 41.6 68.3 97.3 71.6 0.0 66.6 64.7 24.0 9.7 56.1 10.3 58.9 80.0 65.5 29.1 43.4 35.0 65.6 50.4 56.3 31.4 71.7 44.2 24.7 74.9 52.8 87.5 77.6 37.1 35.9 79.8 89.8 49.7 45.4 84.5 96.5 94.7 92.8 19.9 88.3 77.7 70.7 17.9 55.7 20.6 42.9 36.2 69.8 62.6 43.0
29.3 98.6 53.7 48.8 60.4 37.1 35.8 16.1 15.6 25.1 56.4 63.7 30.9 5.2 66.6 0.0 32.2 43.9 72.2 10.5 72.9 37.4 13.9 6.5 37.9 24.1 51.6 1.4 78.1 57.2 82.8 68.3 38.0 45.1 43.6 67.7 57.5 60.7 31.5 77.5 13.6 33.9 52.7 92.9 19.5 49.4 80.1 45.8 46.8 42.7 14.0 56.2 53.1 11.3 73.8 23.8 30.4 3.5 4.4 64.5
25.1 77.8 62.5 29.4 30.5 35.7 19.9 32.9 47.5 49.7 34.8 32.4 53.8 32.3 64.7 32.2 0.0 41.6 66.0 31.3 66.4 8.3 34.9 25.7 44.5 28.8 67.0 30.8 53.9 28.8 67.7 36.8 20.8 40.1 13.2 41.3 28.3 28.5 30.6 59.2 35.2 28.4 27.1 73.9 48.0 31.8 48.3 28.0 49.5 23.6 44.7 24.1 59.1 27.8 62.1 35.7 38.3 31.9 33.1 42.0
61.3 60.2 23.7 23.1 67.8 7.0 60.3 57.6 55.4 69.0 28.6 52.6 74.9 48.6 24.0 43.9 41.6 0.0 28.3 33.7 28.9 36.9 56.7 42.1 11.7 19.9 33.2 42.8 46.5 40.7 41.0 56.8 22.5 3.6 52.9 42.6 66.7 59.1 13.1 38.7 56.6 65.8 33.4 53.2 62.8 73.3 78.1 69.5 9.1 65.0 56.2 52.1 19.0 32.7 30.7 21.5 15.3 46.9 40.4 34.2
88.2 43.8 31.8 38.7 86.7 35.3 85.8 85.8 82.9 97.2 38.4 64.9 103.1 76.9 9.7 72.2 66.0 28.3 0.0 61.9 0.7 59.3 85.1 70.4 36.0 48.2 44.7 71.1 43.2 53.2 21.9 67.8 45.1 27.7 74.9 47.7 86.5 75.3 41.3 27.7 85.0 92.5 47.3 35.8 90.8 97.6 91.1 93.9 27.0 89.5 84.1 68.6 27.2 61.0 11.9 49.1 42.5 75.2 68.5 38.0
36.2 90.1 43.5 41.3 61.5 27.0 40.6 26.0 22.6 35.3 49.1 60.3 41.2 15.6 56.1 10.5 31.3 33.7 61.9 0.0 62.5 34.3 24.2 11.5 27.4 14.3 42.5 9.7 70.8 52.3 73.3 65.1 31.1 35.2 44.2 61.4 59.0 59.5 21.8 68.7 24.0 41.1 46.8 84.1 29.1 54.7 79.5 50.9 36.3 47.2 22.7 54.1 42.7 3.5 63.9 13.2 19.9 13.8 6.6 57.1
88.8 43.2 32.4 39.0 87.0 35.9 86.3 86.5 83.6 97.9 38.6 65.0 103.8 77.6 10.3 72.9 66.4 28.9 0.7 62.5 0.0 59.7 85.7 71.0 36.8 48.9 45.3 71.8 43.1 53.5 21.4 67.9 45.6 28.3 75.3 47.7 86.8 75.5 41.9 27.5 85.6 93.1 47.6 35.3 91.5 98.0 91.2 94.4 27.7 90.0 84.8 68.8 27.9 61.7 11.6 49.8 43.2 75.9 69.2 38.0
33.5 69.4 59.3 21.6 31.4 31.9 27.7 40.5 53.0 57.1 26.5 26.3 61.4 38.4 58.9 37.4 8.3 36.9 59.3 34.3 59.7 0.0 42.2 31.2 41.8 28.1 65.3 36.0 45.5 20.9 59.7 31.0 14.7 34.8 16.0 33.1 30.0 25.7 27.7 50.9 42.4 36.6 18.7 65.6 54.7 38.3 46.0 34.8 45.5 30.4 50.8 19.9 55.4 30.8 54.7 35.6 36.7 37.8 37.5 33.6
21.0 108.4 67.6 57.9 58.1 49.7 30.3 3.6 18.2 14.9 65.1 67.2 19.6 8.6 80.0 13.9 34.9 56.7 85.1 24.2 85.7 42.2 0.0 14.7 51.6 36.8 65.2 14.5 86.3 63.0 94.0 71.5 47.0 57.5 43.2 74.7 55.0 61.5 43.8 87.7 0.5 24.5 59.8 103.2 13.9 41.8 79.3 38.8 60.3 36.9 13.8 58.4 67.0 24.2 85.7 37.5 44.0 10.4 18.3 73.1
24.9 94.3 54.7 44.1 53.9 35.0 30.2 15.5 21.9 28.4 51.5 57.4 33.9 7.7 65.5 6.5 25.7 42.1 70.4 11.5 71.0 31.2 14.7 0.0 37.8 22.2 54.1 5.2 73.1 51.4 79.4 62.0 33.1 42.8 37.1 62.2 51.2 54.1 29.1 73.4 14.7 29.6 47.1 88.9 24.2 44.1 73.5 40.4 46.1 37.1 19.6 49.8 53.5 10.2 70.9 23.9 30.1 6.7 8.7 59.6
60.1 71.6 18.2 33.0 73.3 10.9 61.1 53.1 47.0 62.3 39.4 61.4 68.3 43.0 29.1 37.9 44.5 11.7 36.0 27.4 36.8 41.8 51.6 37.8 0.0 16.9 23.8 37.1 58.2 49.9 51.8 65.8 29.0 15.2 57.1 53.5 71.7 66.2 14.1 50.3 51.4 64.9 42.7 64.5 55.4 74.9 86.0 71.0 9.1 66.7 48.5 59.4 15.8 27.6 40.9 14.1 7.6 41.3 33.8 45.6
43.2 76.0 35.0 28.4 58.9 13.0 44.3 37.7 36.9 49.3 36.1 51.7 55.1 28.7 43.4 24.1 28.8 19.9 48.2 14.3 48.9 28.1 36.8 22.2 16.9 0.0 38.2 23.0 57.6 41.9 59.0 56.5 19.5 21.0 42.0 49.3 57.0 53.8 7.4 54.4 36.7 48.0 35.5 69.8 43.4 58.2 74.0 54.3 24.3 50.1 37.1 47.5 32.7 12.8 49.6 7.5 9.7 27.0 20.8 43.9
78.6 87.1 12.9 56.2 96.6 34.7 81.7 67.7 54.1 71.9 61.8 85.1 77.7 56.8 35.0 51.6 67.0 33.2 44.7 42.5 45.3 65.3 65.2 54.1 23.8 38.2 0.0 51.4 78.4 73.5 65.4 89.5 52.9 36.8 80.0 75.8 94.9 90.0 37.6 67.4 64.9 83.5 66.2 79.3 64.0 95.8 109.8 91.9 24.8 87.8 57.3 83.3 18.1 44.5 54.1 32.0 28.7 55.1 47.2 67.1
28.8 97.3 53.1 47.3 59.2 35.9 35.1 16.5 17.1 26.3 54.9 62.3 32.1 5.9 65.6 1.4 30.8 42.8 71.1 9.7 71.8 36.0 14.5 5.2 37.1 23.0 51.4 0.0 76.6 55.8 81.5 66.9 36.5 44.0 42.4 66.2 56.4 59.3 30.3 76.1 14.3 33.5 51.2 91.6 20.9 48.7 78.8 45.1 45.9 41.9 15.4 54.9 52.4 10.1 72.5 22.9 29.5 4.1 4.2 63.1
78.8 25.0 66.6 29.5 58.6 48.9 71.6 85.2 93.1 101.1 21.7 32.0 106.0 80.8 50.4 78.1 53.9 46.5 43.2 70.8 43.1 45.5 86.3 73.1 58.2 57.6 78.4 76.6 0.0 26.2 26.8 32.4 40.1 43.0 54.9 13.3 59.8 45.1 51.1 16.4 86.5 81.6 26.8 23.8 97.3 78.4 54.2 75.8 53.7 72.1 92.1 40.6 61.0 68.0 31.7 63.5 59.4 79.7 76.4 13.7
53.1 51.1 64.3 17.5 34.8 39.0 45.5 61.4 72.9 78.0 14.9 12.1 82.3 58.9 56.3 57.2 28.8 40.7 53.2 52.3 53.5 20.9 63.0 51.4 49.9 41.9 73.5 55.8 26.2 0.0 46.3 16.1 22.4 37.3 28.7 12.9 35.4 22.2 37.9 35.9 63.3 55.6 7.2 48.7 75.3 52.4 38.4 49.7 49.7 45.8 71.0 16.0 59.3 48.9 45.0 49.3 47.7 58.1 56.6 17.6
92.3 21.9 52.5 38.2 81.1 46.7 87.5 94.0 95.8 107.8 33.6 55.8 113.3 86.8 31.4 82.8 67.7 41.0 21.9 73.3 21.4 59.7 94.0 79.4 51.8 59.0 65.4 81.5 26.8 46.3 0.0 57.4 48.2 38.6 73.2 36.2 81.7 68.2 51.5 10.8 94.1 96.0 42.8 13.9 102.3 97.1 80.3 93.9 44.0 89.7 96.1 62.4 47.3 71.6 11.3 62.3 56.3 85.3 79.8 28.7
57.5 56.5 80.5 33.7 27.4 54.9 48.0 69.3 83.9 86.2 30.2 4.7 89.8 69.0 71.7 68.3 36.8 56.8 67.8 65.1 67.9 31.0 71.5 62.0 65.8 56.5 89.5 66.9 32.4 16.1 57.4 0.0 37.5 53.4 30.3 21.1 29.3 14.3 53.3 46.6 71.9 58.7 23.4 56.3 84.8 50.5 23.3 48.8 65.9 46.0 81.4 13.4 75.4 61.6 58.3 64.0 63.1 68.5 68.5 30.0
44.3 61.3 45.6 10.9 45.3 18.3 40.7 46.4 53.1 61.5 18.4 32.8 66.6 40.9 44.2 38.0 20.8 22.5 45.1 31.1 45.6 14.7 47.0 33.1 29.0 19.5 52.9 36.5 40.1 22.4 48.2 37.5 0.0 20.2 30.7 30.3 44.2 37.2 15.8 40.9 47.1 48.2 16.0 56.3 57.3 52.5 56.9 48.8 31.3 44.4 52.0 30.4 41.3 28.1 41.6 26.8 25.6 39.7 36.3 26.5
60.8 57.2 27.0 19.7 65.3 8.1 59.2 58.1 57.3 70.3 25.0 49.3 76.1 49.6 24.7 45.1 40.1 3.6 27.7 35.2 28.3 34.8 57.5 42.8 15.2 21.0 36.8 44.0 43.0 37.3 38.6 53.4 20.2 0.0 50.9 38.9 64.3 56.2 13.7 35.7 57.5 65.3 30.0 50.4 64.3 71.9 75.0 68.1 12.4 63.7 57.8 49.2 22.1 33.8 28.7 23.7 17.9 48.0 41.8 30.6
27.1 79.8 74.9 36.5 17.3 47.6 17.7 40.4 58.2 57.2 39.6 26.9 60.2 42.7 74.9 43.6 13.2 52.9 74.9 44.2 75.3 16.0 43.2 37.1 57.1 42.0 80.0 42.4 54.9 28.7 73.2 30.3 30.7 50.9 0.0 41.7 15.0 18.4 43.0 63.6 43.6 28.3 30.4 77.2 57.0 23.9 36.5 20.9 61.3 17.1 54.9 16.9 71.2 40.7 69.4 48.9 51.3 42.7 45.2 45.3
66.0 38.2 65.1 21.1 45.8 43.1 58.5 73.4 83.1 89.7 14.1 19.7 94.3 69.9 52.8 67.7 41.3 42.6 47.7 61.4 47.7 33.1 74.7 62.2 53.5 49.3 75.8 66.2 13.3 12.9 36.2 21.1 30.3 38.9 41.7 0.0 46.9 32.5 43.8 25.4 75.0 68.5 15.0 36.5 86.4 65.1 44.3 62.5 51.0 58.8 81.6 27.5 59.7 58.3 37.5 56.0 53.1 68.9 66.4 9.8
35.8 84.7 89.3 47.8 3.2 61.9 25.4 51.8 71.4 67.8 49.0 28.1 69.9 55.9 87.5 57.5 28.3 66.7 86.5 59.0 86.8 30.0 55.0 51.2 71.7 57.0 94.9 56.4 59.8 35.4 81.7 29.3 44.2 64.3 15.0 46.9 0.0 15.1 57.6 71.3 55.5 35.0 39.6 83.4 68.9 22.2 25.1 21.6 75.4 20.4 67.7 19.4 85.3 55.6 79.6 64.0 66.2 56.2 59.6 53.0
45.2 69.8 82.7 37.6 13.5 55.5 35.2 58.8 75.8 75.6 36.9 13.1 78.7 60.3 77.6 60.7 28.5 59.1 75.3 59.5 75.5 25.7 61.5 54.1 66.2 53.8 90.0 59.3 45.1 22.2 68.2 14.3 37.2 56.2 18.4 32.5 15.1 0.0 52.5 57.6 61.9 45.8 27.9 68.9 75.2 36.3 20.3 34.8 68.2 32.3 72.7 6.9 78.1 55.9 67.2 61.3 61.9 60.2 61.6 39.6
48.4 68.7 31.9 22.6 59.2 6.1 48.1 44.5 44.3 56.6 30.1 48.7 62.4 35.9 37.1 31.5 30.6 13.1 41.3 21.8 41.9 27.7 43.8 29.1 14.1 7.4 37.6 30.3 51.1 37.9 51.5 53.3 15.8 13.7 43.0 43.8 57.6 52.5 0.0 47.2 43.7 53.0 31.0 62.4 50.8 61.6 72.5 57.7 19.3 53.3 44.5 45.8 28.6 20.2 42.2 12.3 9.8 34.3 28.3 37.6
84.2 21.6 54.8 30.2 70.6 43.2 78.6 87.3 91.4 101.9 24.4 45.1 107.3 81.1 35.9 77.5 59.2 38.7 27.7 68.7 27.5 50.9 87.7 73.4 50.3 54.4 67.4 76.1 16.4 35.9 10.8 46.6 40.9 35.7 63.6 25.4 71.3 57.6 47.2 0.0 87.8 87.6 33.2 15.4 97.0 87.5 69.4 84.4 43.8 80.3 91.1 51.9 49.3 66.5 15.8 58.9 53.5 79.7 74.9 18.4
21.5 108.5 67.3 58.0 58.6 49.6 30.8 4.1 17.7 14.7 65.2 67.6 19.5 8.4 79.8 13.6 35.2 56.6 85.0 24.0 85.6 42.4 0.5 14.7 51.4 36.7 64.9 14.3 86.5 63.3 94.1 71.9 47.1 57.5 43.6 75.0 55.5 61.9 43.7 87.8 0.0 25.1 60.0 103.3 13.4 42.4 79.8 39.3 60.1 37.4 13.3 58.8 66.8 24.0 85.6 37.3 43.8 10.1 18.0 73.3
4.8 105.9 82.8 57.7 38.2 59.0 10.6 20.9 42.8 34.3 63.2 55.3 35.4 29.7 89.8 33.9 28.4 65.8 92.5 41.1 93.1 36.6 24.5 29.6 64.9 48.0 83.5 33.5 81.6 55.6 96.0 58.7 48.2 65.3 28.3 68.5 35.0 45.8 53.0 87.6 25.1 0.0 55.2 102.3 37.3 17.5 60.1 15.1 72.1 14.6 38.4 45.3 80.7 39.0 89.9 52.1 57.4 31.0 37.7 70.2
52.2 50.7 57.1 10.3 39.5 31.8 45.7 58.5 68.2 74.7 9.4 19.2 79.3 54.8 49.7 52.7 27.1 33.4 47.3 46.8 47.6 18.7 59.8 47.1 42.7 35.5 66.2 51.2 26.8 7.2 42.8 23.4 16.0 30.0 30.4 15.0 39.6 27.9 31.0 33.2 60.0 55.2 0.0 47.2 71.4 54.3 45.3 51.2 42.5 47.1 66.6 21.2 52.1 43.6 40.0 42.7 40.8 53.9 51.6 15.1
99.0 7.9 66.4 45.5 82.3 58.2 93.0 102.8 106.7 117.4 39.2 55.8 122.8 96.6 45.4 92.9 73.9 53.2 35.8 84.1 35.3 65.6 103.2 88.9 64.5 69.8 79.3 91.6 23.8 48.7 13.9 56.3 56.3 50.4 77.2 36.5 83.4 68.9 62.4 15.4 103.3 102.3 47.2 0.0 112.5 101.1 77.6 98.2 57.2 94.2 106.6 64.0 61.1 81.9 25.1 73.9 68.3 95.2 90.3 32.1
34.3 118.2 69.0 68.2 72.0 56.2 44.0 17.1 10.0 7.9 75.7 80.4 13.6 16.5 84.5 19.5 48.0 62.8 90.8 29.1 91.5 54.7 13.9 24.2 55.4 43.4 64.0 20.9 97.3 75.3 102.3 84.8 57.3 64.3 57.0 86.4 68.9 75.2 50.8 97.0 13.4 37.3 71.4 112.5 0.0 54.8 93.2 52.1 64.5 50.4 6.9 71.9 69.5 30.7 93.0 41.6 48.4 17.6 22.5 83.8
20.9 103.4 93.1 59.8 25.2 67.1 14.1 38.2 59.9 51.7 63.4 48.3 52.3 46.0 96.5 49.4 31.8 73.3 97.6 54.7 98.0 38.3 41.8 44.1 74.9 58.2 95.8 48.7 78.4 52.4 97.1 50.5 52.5 71.9 23.9 65.1 22.2 36.3 61.6 87.5 42.4 17.5 54.3 101.1 54.8 0.0 46.2 3.9 80.8 8.2 55.6 38.4 90.2 52.0 92.9 63.8 68.0 46.9 52.7 69.2
60.9 76.6 101.9 55.6 21.9 75.2 50.4 76.3 94.8 92.7 53.1 26.3 95.0 79.3 94.7 80.1 48.3 78.1 91.1 79.5 91.2 46.0 79.3 73.5 86.0 74.0 109.8 78.8 54.2 38.4 80.3 23.3 56.9 75.0 36.5 44.3 25.1 20.3 72.5 69.4 79.8 60.1 45.3 77.6 93.2 46.2 0.0 46.3 87.3 45.5 91.4 26.6 97.1 76.0 81.7 81.5 82.1 79.3 81.4 53.4
17.8 100.8 89.2 56.4 24.8 63.2 10.2 35.2 56.8 49.4 60.2 46.3 50.4 42.5 92.8 45.8 28.0 69.5 93.9 50.9 94.4 34.8 38.8 40.4 71.0 54.3 91.9 45.1 75.8 49.7 93.9 48.8 48.8 68.1 20.9 62.5 21.6 34.8 57.7 84.4 39.3 15.1 51.2 98.2 52.1 3.9 46.3 0.0 76.9 4.4 52.6 36.3 86.3 48.1 89.4 59.9 64.1 43.4 49.1 66.2
67.4 64.6 14.6 32.1 76.6 13.8 67.5 61.6 56.2 71.4 37.2 61.7 77.3 51.8 19.9 46.8 49.5 9.1 27.0 36.3 27.7 45.5 60.3 46.1 9.1 24.3 24.8 45.9 53.7 49.7 44.0 65.9 31.3 12.4 61.3 51.0 75.4 68.2 19.3 43.8 60.1 72.1 42.5 57.2 64.5 80.8 87.3 76.9 0.0 72.6 57.7 61.2 9.9 36.1 32.9 23.0 16.3 50.1 42.7 42.2
16.2 96.9 84.9 52.0 23.6 58.8 6.8 33.4 54.5 48.4 56.0 43.2 49.9 39.8 88.3 42.7 23.6 65.0 89.5 47.2 90.0 30.4 36.9 37.1 66.7 50.1 87.8 41.9 72.1 45.8 89.7 46.0 44.4 63.7 17.1 58.8 20.4 32.3 53.3 80.3 37.4 14.6 47.1 94.2 50.4 8.2 45.5 4.4 72.6 0.0 50.4 33.1 82.0 44.4 85.1 55.8 59.9 40.6 45.8 62.2
34.8 112.4 62.1 62.7 70.7 49.7 43.7 17.4 4.5 14.5 70.4 76.9 20.4 12.4 77.7 14.0 44.7 56.2 84.1 22.7 84.8 50.8 13.8 19.6 48.5 37.1 57.3 15.4 92.1 71.0 96.1 81.4 52.0 57.8 54.9 81.6 67.7 72.7 44.5 91.1 13.3 38.4 66.6 106.6 6.9 55.6 91.4 52.6 57.7 50.4 0.0 68.9 62.6 24.6 86.6 34.9 41.6 12.9 16.2 78.5
44.0 65.5 75.7 30.6 18.7 48.7 34.6 56.1 71.6 73.0 30.3 10.0 76.4 56.4 70.7 56.2 24.1 52.1 68.6 54.1 68.8 19.9 58.4 49.8 59.4 47.5 83.3 54.9 40.6 16.0 62.4 13.4 30.4 49.2 16.9 27.5 19.4 6.9 45.8 51.9 58.8 45.3 21.2 64.0 71.9 38.4 26.6 36.3 61.2 33.1 68.9 0.0 71.2 50.6 60.8 55.0 55.4 56.1 56.8 33.6
75.9 68.9 5.5 41.7 86.6 23.5 76.6 68.7 60.5 76.8 46.2 71.3 82.8 58.4 17.9 53.1 59.1 19.0 27.2 42.7 27.9 55.4 67.0 53.5 15.8 32.7 18.1 52.4 61.0 59.3 47.3 75.4 41.3 22.1 71.2 59.7 85.3 78.1 28.6 49.3 66.8 80.7 52.1 61.1 69.5 90.2 97.1 86.3 9.9 82.0 62.6 71.2 0.0 43.3 36.0 29.6 23.4 56.6 48.9 50.5
34.1 87.8 44.5 38.5 58.1 25.8 37.8 25.5 25.1 36.4 46.2 56.8 42.2 15.9 55.7 11.3 27.8 32.7 61.0 3.5 61.7 30.8 24.2 10.2 27.6 12.8 44.5 10.1 68.0 48.9 71.6 61.6 28.1 33.8 40.7 58.3 55.6 55.9 20.2 66.5 24.0 39.0 43.6 81.9 30.7 52.0 76.0 48.1 36.1 44.4 24.6 50.6 43.3 0.0 62.4 13.7 19.9 14.2 8.4 54.3
85.9 32.9 41.2 33.0 79.5 36.9 82.1 85.9 86.1 98.9 30.6 55.9 104.6 78.1 20.6 73.8 62.1 30.7 11.9 63.9 11.6 54.7 85.7 70.9 40.9 49.6 54.1 72.5 31.7 45.0 11.3 58.3 41.6 28.7 69.4 37.5 79.6 67.2 42.2 15.8 85.6 89.9 40.0 25.1 93.0 92.9 81.7 89.4 32.9 85.1 86.6 60.8 36.0 62.4 0.0 52.2 46.0 76.5 70.5 28.3
47.3 80.5 30.8 34.9 66.0 15.7 49.7 39.1 33.9 48.3 42.4 59.2 54.3 28.9 42.9 23.8 35.7 21.5 49.1 13.2 49.8 35.6 37.5 23.9 14.1 7.5 32.0 22.9 63.5 49.3 62.3 64.0 26.8 23.7 48.9 56.0 64.0 61.3 12.3 58.9 37.3 52.1 42.7 73.9 41.6 63.8 81.5 59.9 23.0 55.8 34.9 55.0 29.6 13.7 52.2 0.0 6.7 27.1 19.7 50.0
52.6 75.1 25.3 31.9 68.0 10.5 54.1 45.5 40.4 55.1 39.1 58.5 61.0 35.5 36.2 30.4 38.3 15.3 42.5 19.9 43.2 36.7 44.0 30.1 7.6 9.7 28.7 29.5 59.4 47.7 56.3 63.1 25.6 17.9 51.3 53.1 66.2 61.9 9.8 53.5 43.8 57.4 40.8 68.3 48.4 68.0 82.1 64.1 16.3 59.9 41.6 55.4 23.4 19.9 46.0 6.7 0.0 33.7 26.4 46.2
26.5 100.7 57.2 50.6 59.1 40.0 33.7 12.6 15.5 22.4 58.1 64.0 28.0 1.7 69.8 3.5 31.9 46.9 75.2 13.8 75.9 37.8 10.4 6.7 41.3 27.0 55.1 4.1 79.7 58.1 85.3 68.5 39.7 48.0 42.7 68.9 56.2 60.2 34.3 79.7 10.1 31.0 53.9 95.2 17.6 46.9 79.3 43.4 50.1 40.6 12.9 56.1 56.6 14.2 76.5 27.1 33.7 0.0 7.9 66.2
33.1 96.3 49.3 46.9 62.3 33.6 38.9 20.5 16.7 28.7 54.6 63.8 34.6 9.7 62.6 4.4 33.1 40.4 68.5 6.6 69.2 37.5 18.3 8.7 33.8 20.8 47.2 4.2 76.4 56.6 79.8 68.5 36.3 41.8 45.2 66.4 59.6 61.6 28.3 74.9 18.0 37.7 51.6 90.3 22.5 52.7 81.4 49.1 42.7 45.8 16.2 56.8 48.9 8.4 70.5 19.7 26.4 7.9 0.0 62.7
67.1 35.8 56.0 15.8 52.4 35.8 60.8 72.3 79.5 87.8 8.1 27.7 92.8 67.4 43.0 64.5 42.0 34.2 38.0 57.1 38.0 33.6 73.1 59.6 45.6 43.9 67.1 63.1 13.7 17.6 28.7 30.0 26.5 30.6 45.3 9.8 53.0 39.6 37.6 18.4 73.3 70.2 15.1 32.1 83.8 69.2 53.4 66.2 42.2 62.2 78.5 33.6 50.5 54.3 28.3 50.0 46.2 66.2 62.7 0.0
0         1252     
1015      1040     
833       871      
317       348      
458       473      
280       290      
0         16       
42        73       
898       928      
142       168      
347       355      
395       416      
180       196      
71        91       
703       734      
70        92       
1103      1126     
270       283      
806       835      
90        111      
703       724      
595       605      
115       132      
74        90       
282       315      
230       254      
758       777      
95        118      
1160      1173     
366       395      
682       710      
416       453      
600       635      
306       323      
462       488      
355       375      
484       499      
408       434      
259       269      
650       679      
50        79       
19        46       
331       356      
659       696      
127       150      
551       568      
506       533      
6         38       
740       757      
5         27       
155       168      
382       413      
727       743      
212       236      
992       999      
226       254      
255       267      
76        94       
87        109      
631       656      
