29
0.0000 44.2041 43.0116 40.6079 37.2022 36.0555 40.3113 30.8058 33.5410 38.0789 35.3412 33.5410 18.0278 18.0278 20.6155 13.0384 25.2982 25.4951 27.4591 7.6158 12.0416 27.0185 4.2426 12.0416 14.7648 21.0950 17.1172 20.6155 15.5242
54.2041 10.0000 12.0000 13.6056 17.0711 18.6023 17.0000 23.4536 23.0000 22.0000 22.3693 76.0984 37.7308 62.8110 69.2368 64.5894 53.1045 40.0666 30.3961 52.9418 42.4500 66.8859 58.4149 56.6154 54.2719 43.5410 48.3275 59.2443 43.2415
53.0116 12.0000 10.0000 13.0000 15.8310 17.0711 15.0000 22.2066 21.1803 20.0000 20.4403 75.7647 36.9258 62.2015 68.5235 63.6656 53.0116 40.0000 30.0998 52.0476 41.3847 66.5685 57.2017 55.8803 53.6807 43.2415 47.8550 58.8365 42.5730
50.6079 13.6056 13.0000 10.0000 13.6056 15.3852 15.8310 19.8995 20.1980 20.4403 20.0000 72.8013 34.1661 59.3356 65.7136 61.0000 50.0125 37.0000 27.1172 49.3573 38.8444 63.6004 54.8219 53.0813 50.8044 40.2655 44.9285 55.8912 39.7321
47.2022 17.0711 15.8310 13.6056 10.0000 12.0000 15.3852 16.4031 17.0000 18.6023 17.2801 70.4070 31.1896 56.5725 62.8110 57.8539 48.0526 35.1794 25.0333 46.2491 35.5539 61.2445 51.4005 50.1622 48.0789 38.0179 42.3883 53.4166 36.9258
46.0555 18.6023 17.0711 15.3852 12.0000 10.0000 15.0000 15.3852 15.0000 17.0711 15.3852 70.2080 30.6155 56.0977 62.2015 57.0106 48.2099 35.4951 25.2971 45.4683 34.5967 61.0882 50.2244 49.5601 47.6563 38.0179 42.1403 53.1856 36.4764
50.3113 17.0000 15.0000 15.8310 15.3852 15.0000 10.0000 20.1980 17.0711 15.0000 15.8310 75.1920 35.4951 60.9902 67.0088 61.6236 53.1856 40.4138 30.2237 50.1622 39.1548 66.0803 54.4185 54.3847 52.5793 43.0151 47.1214 58.1664 41.4006
40.8058 23.4536 22.2066 19.8995 16.4031 15.3852 20.1980 10.0000 15.8310 20.4403 17.6158 65.0818 25.2971 50.7922 56.8402 51.6293 43.5410 31.1896 21.1803 40.0832 29.2354 56.0109 45.0000 44.2053 42.3883 33.1948 37.0185 48.0526 31.2132
43.5410 23.0000 21.1803 20.1980 17.0000 15.0000 17.0711 15.8310 10.0000 15.0000 12.0000 70.0000 30.0000 55.2769 60.9902 55.2217 49.0512 36.9258 27.0000 43.9559 32.8035 61.0392 47.5899 48.4708 47.0540 38.6356 42.0624 53.0116 36.0000
48.0789 22.0000 20.0000 20.4403 18.6023 17.0711 15.0000 20.4403 15.0000 10.0000 13.0000 75.0000 35.0000 60.2494 65.9017 60.0000 53.9318 41.6228 31.5407 48.8330 37.6586 66.0357 52.0476 53.4166 52.0476 43.5410 47.0540 58.0104 41.0000
45.3412 22.3693 20.4403 20.0000 17.2801 15.3852 15.8310 17.6158 12.0000 13.0000 10.0000 72.0000 32.0000 57.2652 62.9528 57.1275 51.0000 38.7924 28.7883 45.9026 34.7386 63.0377 49.3573 50.4475 49.0512 40.5941 44.0588 55.0111 38.0000
43.5410 76.0984 75.7647 72.8013 70.4070 70.2080 75.1920 65.0818 70.0000 75.0000 72.0000 10.0000 50.0000 25.8114 24.1421 32.0227 33.7697 46.4005 55.7056 38.1603 48.4708 19.2195 42.4500 32.8035 33.0868 42.5576 38.0713 27.0294 44.0000
28.0278 37.7308 36.9258 34.1661 31.1896 30.6155 35.4951 25.2971 30.0000 35.0000 32.0000 50.0000 10.0000 35.4951 41.6228 36.9258 30.1246 21.1803 19.4340 25.2643 16.3246 41.0644 32.2036 28.9737 27.1172 20.0000 22.1655 33.0217 16.0000
28.0278 62.8110 62.2015 59.3356 56.5725 56.0977 60.9902 50.7922 55.2769 60.2494 57.2652 25.8114 35.4951 10.0000 17.0711 19.2195 25.6525 35.0000 42.6956 22.3693 33.0217 19.2195 27.6918 17.0711 18.5440 30.2485 24.7648 16.3246 29.6469
30.6155 69.2368 68.5235 65.7136 62.8110 62.2015 67.0088 56.8402 60.9902 65.9017 62.9528 24.1421 41.6228 17.0711 10.0000 18.0623 32.4722 42.0156 49.3573 27.1172 38.2843 22.0416 28.7883 22.6491 25.2643 37.2029 31.6333 23.0384 36.0000
23.0384 64.5894 63.6656 61.0000 57.8539 57.0106 61.6236 51.6293 55.2217 60.0000 57.1275 32.0227 36.9258 19.2195 18.0623 10.0000 33.5372 40.0000 45.6090 21.6619 32.4722 27.8885 20.7703 19.4340 23.4164 35.0000 29.4165 25.0000 32.0227
35.2982 53.1045 53.0116 50.0125 48.0526 48.2099 53.1856 43.5410 49.0512 53.9318 51.0000 33.7697 30.1246 25.6525 32.4722 33.5372 10.0000 23.0384 33.0217 27.7200 31.9317 24.7648 37.4591 25.0000 21.0454 20.4403 19.2195 19.4340 25.0000
35.4951 40.0666 40.0000 37.0000 35.1794 35.4951 40.4138 31.1896 36.9258 41.6228 38.7924 46.4005 21.1803 35.0000 42.0156 40.0000 23.0384 10.0000 20.1980 29.6977 26.2788 37.2029 39.1204 30.6155 26.9706 15.0000 20.6301 30.1246 20.0499
37.4591 30.3961 30.0998 27.1172 25.0333 25.2971 30.2237 21.1803 27.0000 31.5407 28.7883 55.7056 19.4340 42.6956 49.3573 45.6090 33.0217 20.1980 10.0000 34.0832 25.6525 46.4966 41.6228 36.9258 34.1661 23.1529 28.0278 38.8617 23.6015
17.6158 52.9418 52.0476 49.3573 46.2491 45.4683 50.1622 40.0832 43.9559 48.8330 45.9026 38.1603 25.2643 22.3693 27.1172 21.6619 27.7200 29.6977 34.0832 10.0000 21.1803 30.5913 20.0000 15.3852 17.2111 24.8661 20.0499 23.4536 20.6301
22.0416 42.4500 41.3847 38.8444 35.5539 34.5967 39.1548 29.2354 32.8035 37.6586 34.7386 48.4708 16.3246 33.0217 38.2843 32.4722 31.9317 26.2788 25.6525 21.1803 10.0000 40.0832 26.2788 26.0000 25.5242 23.4164 22.8062 32.1359 17.2111
37.0185 66.8859 66.5685 63.6004 61.2445 61.0882 66.0803 56.0109 61.0392 66.0357 63.0377 19.2195 41.0644 19.2195 22.0416 27.8885 24.7648 37.2029 46.4966 30.5913 40.0832 10.0000 36.9072 25.2643 24.5602 33.3452 29.0000 18.0623 35.0799
14.2426 58.4149 57.2017 54.8219 51.4005 50.2244 54.4185 45.0000 47.5899 52.0476 49.3573 42.4500 32.2036 27.6918 28.7883 20.7703 37.4591 39.1204 41.6228 20.0000 26.2788 36.9072 10.0000 23.0000 26.4924 34.5153 30.0250 31.4709 29.3132
22.0416 56.6154 55.8803 53.0813 50.1622 49.5601 54.3847 44.2053 48.4708 53.4166 50.4475 32.8035 28.9737 17.0711 22.6491 19.4340 25.0000 30.6155 36.9258 15.3852 26.0000 25.2643 23.0000 10.0000 14.1231 25.6205 20.0000 18.6023 23.4164
24.7648 54.2719 53.6807 50.8044 48.0789 47.6563 52.5793 42.3883 47.0540 52.0476 49.0512 33.0868 27.1172 18.5440 25.2643 23.4164 21.0454 26.9706 34.1661 17.2111 25.5242 24.5602 26.4924 14.1231 10.0000 22.0416 16.4031 16.7082 21.1803
31.0950 43.5410 43.2415 40.2655 38.0179 38.0179 43.0151 33.1948 38.6356 43.5410 40.5941 42.5576 20.0000 30.2485 37.2029 35.0000 20.4403 15.0000 23.1529 24.8661 23.4164 33.3452 34.5153 25.6205 22.0416 10.0000 15.6569 25.8114 16.3246
27.1172 48.3275 47.8550 44.9285 42.3883 42.1403 47.1214 37.0185 42.0624 47.0540 44.0588 38.0713 22.1655 24.7648 31.6333 29.4165 19.2195 20.6301 28.0278 20.0499 22.8062 29.0000 30.0250 20.0000 16.4031 15.6569 10.0000 21.0454 16.3246
30.6155 59.2443 58.8365 55.8912 53.4166 53.1856 58.1664 48.0526 53.0116 58.0104 55.0111 27.0294 33.0217 16.3246 23.0384 25.0000 19.4340 30.1246 38.8617 23.4536 32.1359 18.0623 31.4709 18.6023 16.7082 25.8114 21.0454 10.0000 27.0294
25.5242 43.2415 42.5730 39.7321 36.9258 36.4764 41.4006 31.2132 36.0000 41.0000 38.0000 44.0000 16.0000 29.6469 36.0000 32.0227 25.0000 20.0499 23.6015 20.6301 17.2111 35.0799 29.3132 23.4164 21.1803 16.3246 16.3246 27.0294 10.0000
0         960      
0         905      
0         906      
0         909      
278       398      
0         913      
0         909      
0         919      
0         916      
0         911      
217       337      
0         916      
0         931      
0         931      
0         929      
0         936      
268       388      
0         924      
0         922      
0         942      
0         937      
395       515      
0         945      
0         937      
14        134      
0         928      
0         932      
0         929      
0         934      
# Sum of service times: 280
