34
0.0000 30.8058 40.3113 35.0571 45.2769 58.5235 57.0088 51.0784 51.4782 47.4342 37.2022 40.3113 33.5410 35.3412 37.7359 45.0444 35.3412 18.0278 15.8114 29.1548 13.0384 25.4951 27.4591 7.6158 12.0416 27.0185 35.4683 17.8885 52.4786 4.2426 12.0416 14.7648 21.0950 17.1172
40.8058 10.0000 20.1980 72.0967 81.1969 95.7555 93.2406 89.0569 90.4301 84.6257 50.3113 49.2938 43.3766 43.7343 17.2801 82.8011 74.0312 58.8262 35.0799 68.7282 52.4853 57.4236 52.2019 47.5366 41.9061 67.8014 76.2193 27.1172 93.2166 41.7648 52.6380 54.5533 55.2769 54.2041
50.3113 20.1980 10.0000 82.2772 91.3941 103.0054 100.1388 96.6833 98.4590 92.0061 52.2966 50.0000 45.3553 45.1283 13.0000 92.9699 82.1388 68.3095 42.0156 77.2681 62.3927 64.0833 57.4236 56.6154 49.6232 77.1193 85.4520 37.2947 102.7847 51.6293 61.8652 63.4135 62.6308 62.3259
45.0571 72.0967 82.2772 10.0000 20.4403 68.9406 70.4070 61.2445 58.0521 61.0784 79.2892 83.3757 77.1863 79.1231 79.3758 20.7703 49.4462 33.3238 60.4876 43.6006 32.2036 58.2597 65.9017 43.2415 54.3847 33.6008 36.2488 55.2217 40.6757 42.0156 39.1548 41.7648 53.5660 48.0789
55.2769 81.1969 91.3941 20.4403 10.0000 75.0000 77.0820 67.6975 63.8516 68.3095 89.7120 93.8153 87.6209 89.5550 88.4474 17.0000 57.6340 43.5410 70.8276 52.4264 42.5576 68.3095 76.2118 53.6807 64.8179 42.5576 43.2866 64.1295 42.0000 52.0476 49.5601 52.0476 63.7122 58.3011
68.5235 95.7555 103.0054 68.9406 75.0000 10.0000 15.0000 18.0000 21.1803 21.1803 69.9083 75.1920 74.0312 75.6049 101.2634 68.6003 33.5372 55.2769 71.0328 40.4138 64.4518 49.0512 57.4236 60.9215 63.8516 48.0132 42.7567 86.3217 47.5366 70.4401 57.5395 53.9659 50.4969 52.0476
67.0088 93.2406 100.1388 70.4070 77.0820 15.0000 10.0000 19.4340 24.1421 20.0000 65.8032 71.0328 70.2080 71.7171 98.5099 70.9016 33.0000 55.0000 68.3095 40.0000 64.0370 46.0555 53.8634 59.4773 61.4296 48.4708 44.1760 84.6324 51.0366 69.2284 56.5296 52.7551 48.0132 50.1622
61.0784 89.0569 96.6833 61.2445 67.6975 18.0000 19.4340 10.0000 15.3852 15.3852 65.9017 71.2699 69.3633 71.0574 94.8116 61.4782 25.8114 47.3363 64.6717 32.5610 56.5296 43.3017 52.4382 53.4626 57.2017 40.0167 35.0000 78.9420 42.0156 62.8110 49.8497 46.4005 44.0588 44.9857
61.4782 90.4301 98.4590 58.0521 63.8516 21.1803 24.1421 15.3852 10.0000 20.0000 69.6154 75.0000 72.6498 74.4127 96.4523 57.4236 26.4012 46.4005 66.5685 32.3607 55.6070 46.0555 55.6508 53.9090 58.8365 38.2843 32.0907 79.3542 36.9072 62.8015 49.8121 46.7151 46.1248 46.2353
57.4342 84.6257 92.0061 61.0784 68.3095 21.1803 20.0000 15.3852 20.0000 10.0000 60.5371 65.9017 64.0833 65.7584 90.2122 62.4309 23.0000 45.0000 60.0000 30.0000 54.0454 38.2843 47.2022 49.8497 52.7200 38.6356 35.0599 75.1920 44.9857 59.4773 46.6742 42.9848 39.4109 40.8707
47.2022 50.3113 52.2966 79.2892 89.7120 69.9083 65.8032 65.9017 69.6154 60.5371 10.0000 15.3852 17.0000 17.2801 52.0476 87.6209 56.0977 56.5725 32.6716 55.0999 57.8539 35.1794 25.0333 46.2491 35.5539 61.2445 67.0088 53.9090 85.1665 51.4005 50.1622 48.0789 38.0179 42.3883
50.3113 49.2938 50.0000 83.3757 93.8153 75.1920 71.0328 71.2699 75.0000 65.9017 15.3852 10.0000 17.0711 15.8310 50.1123 92.0000 61.4198 60.9902 35.0000 60.2494 61.6236 40.4138 30.2237 50.1622 39.1548 66.0803 72.0725 55.0000 90.3057 54.4185 54.3847 52.5793 43.0151 47.1214
43.5410 43.3766 45.3553 77.1863 87.6209 74.0312 70.2080 69.3633 72.6498 64.0833 17.0000 17.0711 10.0000 12.0000 45.0571 86.1183 58.1041 55.2769 28.0278 56.0977 55.2217 36.9258 27.0000 43.9559 32.8035 61.0392 67.5587 48.0132 85.9539 47.5899 48.4708 47.0540 38.6356 42.0624
45.3412 43.7343 45.1283 79.1231 89.5550 75.6049 71.7171 71.0574 74.4127 65.7584 17.2801 15.8310 12.0000 10.0000 45.0000 88.0897 59.9800 57.2652 29.7231 58.0521 57.1275 38.7924 28.7883 45.9026 34.7386 63.0377 69.5399 49.2046 87.9295 49.3573 50.4475 49.0512 40.5941 44.0588
47.7359 17.2801 13.0000 79.3758 88.4474 101.2634 98.5099 94.8116 96.4523 90.2122 52.0476 50.1123 45.0571 45.0000 10.0000 90.0812 80.0928 65.7584 40.2324 75.0692 59.6588 62.4786 56.2385 54.2041 47.6431 74.6375 83.0068 34.3311 100.2109 48.9102 59.4065 61.0882 60.8035 60.2494
55.0444 82.8011 92.9699 20.7703 17.0000 68.6003 70.9016 61.4782 57.4236 62.4309 87.6209 92.0000 86.1183 88.0897 90.0812 10.0000 52.4264 41.0483 70.0750 47.8021 42.0156 65.0364 73.5689 52.2966 63.4603 38.3019 37.6586 65.9732 35.0000 52.2966 47.6563 49.5601 60.6952 55.5412
45.3412 74.0312 82.1388 49.4462 57.6340 33.5372 33.0000 25.8114 26.4012 23.0000 56.0977 61.4198 58.1041 59.9800 80.0928 52.4264 10.0000 32.0000 50.3609 17.0000 41.0644 31.1896 41.3209 37.7308 42.5269 26.1555 25.0000 63.2259 40.4138 47.0000 34.0416 30.6155 30.2485 29.8494
28.0278 58.8262 68.3095 33.3238 43.5410 55.2769 55.0000 47.3363 46.4005 45.0000 56.5725 60.9902 55.2769 57.2652 65.7584 41.0483 32.0000 10.0000 40.4138 25.0000 19.2195 35.0000 42.6956 22.3693 33.0217 19.2195 27.6918 44.7131 44.4819 27.6918 17.0711 18.5440 30.2485 24.7648
25.8114 35.0799 42.0156 60.4876 70.8276 71.0328 68.3095 64.6717 66.5685 60.0000 32.6716 35.0000 28.0278 29.7231 40.2324 70.0750 50.3609 40.4138 10.0000 46.0555 38.2843 32.3607 28.0000 28.1108 18.0623 47.9473 55.6946 32.1359 73.9062 29.6977 33.3452 33.4094 30.6155 30.8087
39.1548 68.7282 77.2681 43.6006 52.4264 40.4138 40.0000 32.5610 32.3607 30.0000 55.0999 60.2494 56.0977 58.0521 75.0692 47.8021 17.0000 25.0000 46.0555 10.0000 34.0832 30.0000 40.0666 31.6333 38.0179 20.0000 22.1655 57.0106 40.0666 40.4631 27.4642 24.4222 27.4642 25.2643
23.0384 52.4853 62.3927 32.2036 42.5576 64.4518 64.0370 56.5296 55.6070 54.0454 57.8539 61.6236 55.2217 57.1275 59.6588 42.0156 41.0644 19.2195 38.2843 34.0832 10.0000 40.0000 45.6090 21.6619 32.4722 27.8885 36.0768 37.0185 51.2311 20.7703 19.4340 23.4164 35.0000 29.4165
35.4951 57.4236 64.0833 58.2597 68.3095 49.0512 46.0555 43.3017 46.0555 38.2843 35.1794 40.4138 36.9258 38.7924 62.4786 65.0364 31.1896 35.0000 32.3607 30.0000 40.0000 10.0000 20.1980 29.6977 26.2788 37.2029 42.0624 51.1096 60.0400 39.1204 30.6155 26.9706 15.0000 20.6301
37.4591 52.2019 57.4236 65.9017 76.2118 57.4236 53.8634 52.4382 55.6508 47.2022 25.0333 30.2237 27.0000 28.7883 56.2385 73.5689 41.3209 42.6956 28.0000 40.0666 45.6090 20.1980 10.0000 34.0832 25.6525 46.4966 52.0000 49.6232 70.1332 41.6228 36.9258 34.1661 23.1529 28.0278
17.6158 47.5366 56.6154 43.2415 53.6807 60.9215 59.4773 53.4626 53.9090 49.8497 46.2491 50.1622 43.9559 45.9026 54.2041 52.2966 37.7308 22.3693 28.1108 31.6333 21.6619 29.6977 34.0832 10.0000 21.1803 30.5913 38.8444 35.4951 56.5188 20.0000 15.3852 17.2111 24.8661 20.0499
22.0416 41.9061 49.6232 54.3847 64.8179 63.8516 61.4296 57.2017 58.8365 52.7200 35.5539 39.1548 32.8035 34.7386 47.6431 63.4603 42.5269 33.0217 18.0623 38.0179 32.4722 26.2788 25.6525 21.1803 10.0000 40.0832 47.6962 35.0000 65.9732 26.2788 26.0000 25.5242 23.4164 22.8062
37.0185 67.8014 77.1193 33.6008 42.5576 48.0132 48.4708 40.0167 38.2843 38.6356 61.2445 66.0803 61.0392 63.0377 74.6375 38.3019 26.1555 19.2195 47.9473 20.0000 27.8885 37.2029 46.4966 30.5913 40.0832 10.0000 18.4853 53.9318 36.0000 36.9072 25.2643 24.5602 33.3452 29.0000
45.4683 76.2193 85.4520 36.2488 43.2866 42.7567 44.1760 35.0000 32.0907 35.0599 67.0088 72.0725 67.5587 69.5399 83.0068 37.6586 25.0000 27.6918 55.6946 22.1655 36.0768 42.0624 52.0000 38.8444 47.6962 18.4853 10.0000 62.4023 28.4391 45.3836 33.6008 32.3607 39.0689 35.7099
27.8885 27.1172 37.2947 55.2217 64.1295 86.3217 84.6324 78.9420 79.3542 75.1920 53.9090 55.0000 48.0132 49.2046 34.3311 65.9732 63.2259 44.7131 32.1359 57.0106 37.0185 51.1096 49.6232 35.4951 35.0000 53.9318 62.4023 10.0000 78.2495 27.0294 39.6816 42.6497 47.4833 44.4819
62.4786 93.2166 102.7847 40.6757 42.0000 47.5366 51.0366 42.0156 36.9072 44.9857 85.1665 90.3057 85.9539 87.9295 100.2109 35.0000 40.4138 44.4819 73.9062 40.0666 51.2311 60.0400 70.1332 56.5188 65.9732 36.0000 28.4391 78.2495 10.0000 61.6140 51.1461 50.4969 57.3814 54.1475
14.2426 41.7648 51.6293 42.0156 52.0476 70.4401 69.2284 62.8110 62.8015 59.4773 51.4005 54.4185 47.5899 49.3573 48.9102 52.2966 47.0000 27.6918 29.6977 40.4631 20.7703 39.1204 41.6228 20.0000 26.2788 36.9072 45.3836 27.0294 61.6140 10.0000 23.0000 26.4924 34.5153 30.0250
22.0416 52.6380 61.8652 39.1548 49.5601 57.5395 56.5296 49.8497 49.8121 46.6742 50.1622 54.3847 48.4708 50.4475 59.4065 47.6563 34.0416 17.0711 33.3452 27.4642 19.4340 30.6155 36.9258 15.3852 26.0000 25.2643 33.6008 39.6816 51.1461 23.0000 10.0000 14.1231 25.6205 20.0000
24.7648 54.5533 63.4135 41.7648 52.0476 53.9659 52.7551 46.4005 46.7151 42.9848 48.0789 52.5793 47.0540 49.0512 61.0882 49.5601 30.6155 18.5440 33.4094 24.4222 23.4164 26.9706 34.1661 17.2111 25.5242 24.5602 32.3607 42.6497 50.4969 26.4924 14.1231 10.0000 22.0416 16.4031
31.0950 55.2769 62.6308 53.5660 63.7122 50.4969 48.0132 44.0588 46.1248 39.4109 38.0179 43.0151 38.6356 40.5941 60.8035 60.6952 30.2485 30.2485 30.6155 27.4642 35.0000 15.0000 23.1529 24.8661 23.4164 33.3452 39.0689 47.4833 57.3814 34.5153 25.6205 22.0416 10.0000 15.6569
27.1172 54.2041 62.3259 48.0789 58.3011 52.0476 50.1622 44.9857 46.2353 40.8707 42.3883 47.1214 42.0624 44.0588 60.2494 55.5412 29.8494 24.7648 30.8087 25.2643 29.4165 20.6301 28.0278 20.0499 22.8062 29.0000 35.7099 44.4819 54.1475 30.0250 20.0000 16.4031 15.6569 10.0000
0         960      
73        350      
40        390      
598       883      
348       904      
509       668      
57        664      
564       797      
51        673      
462       631      
131       544      
233       544      
33        624      
62        491      
37        677      
636       904      
471       662      
404       829      
230       405      
29        587      
423       828      
201       400      
27        382      
426       942      
369       460      
304       605      
318       489      
100       539      
565       897      
324       513      
651       906      
14        669      
298       928      
385       518      
# Sum of service times: 330
