28
0.0000 38.0789 39.3573 40.3113 33.5410 31.6228 38.0789 40.3113 43.0116 40.6079 37.2022 36.0555 33.5410 35.3412 37.7359 26.9258 42.4264 26.9258 15.8114 19.6469 36.0555 12.0416 32.2025 38.2099 4.2426 48.1664 20.5183 19.2354
48.0789 10.0000 13.0000 15.0000 62.2015 57.4342 63.8516 57.1699 50.0000 50.1123 47.3363 45.3553 40.4138 40.1496 15.8310 70.2080 76.7083 36.9258 38.2843 28.8680 75.1920 46.1248 71.1310 72.3699 49.8497 80.2140 60.0100 28.9737
49.3573 13.0000 10.0000 12.0000 61.4198 56.5725 62.8110 55.6508 53.0000 53.1045 50.3113 48.3275 43.3766 43.1361 13.6056 70.5310 76.0984 35.9615 40.4795 30.6155 75.0308 48.1838 71.0082 71.8142 50.8534 79.3758 60.1597 30.1246
50.3113 15.0000 12.0000 10.0000 60.9902 56.0977 62.2015 54.7214 55.0000 55.0999 52.2966 50.3113 45.3553 45.1283 13.0000 70.8276 75.7647 35.4951 42.0156 31.9317 75.0000 49.6232 71.0082 71.5224 51.6293 78.8840 60.3587 31.0950
43.5410 62.2015 61.4198 60.9902 10.0000 15.0000 15.0000 24.1421 84.3303 82.3464 78.7677 77.2681 73.6396 75.0692 58.0521 32.3607 25.0000 35.4951 56.0977 52.2019 28.0278 55.2769 25.5563 21.1803 39.5466 28.0278 26.0000 48.2753
41.6228 57.4342 56.5725 56.0977 15.0000 10.0000 17.0711 21.1803 81.0634 79.2026 75.6049 74.0312 70.2080 71.5549 53.1741 35.0000 30.0000 30.6155 53.0116 48.2884 32.3607 52.9535 29.4165 26.1245 37.8927 32.8035 26.7631 44.2053
48.0789 63.8516 62.8110 62.2015 15.0000 17.0711 10.0000 21.1803 88.1025 86.2168 82.6223 81.0634 77.2681 78.6222 59.3356 36.9258 25.8114 36.9258 60.0000 55.3431 31.2132 59.6488 29.4165 23.0384 44.1760 27.0294 31.0000 51.2311
50.3113 57.1699 55.6508 54.7214 24.1421 21.1803 21.1803 10.0000 86.3217 84.7930 81.1969 79.4622 75.1920 76.2873 52.0595 46.0555 36.9258 31.2132 59.2443 52.4382 42.0156 60.6952 39.6985 34.1868 47.0540 37.2947 37.8568 48.0132
53.0116 50.0000 53.0000 55.0000 84.3303 81.0634 88.1025 86.3217 10.0000 13.0000 15.8310 17.0711 21.1803 20.4403 55.0999 79.4622 95.1469 65.9017 38.2843 44.0000 89.0569 41.3847 85.2130 90.8084 57.2017 100.6091 73.4114 48.4708
50.6079 50.1123 53.1045 55.0999 82.3464 79.2026 86.2168 84.7930 13.0000 10.0000 13.6056 15.3852 20.1980 20.0000 55.0000 76.8880 92.8794 64.6260 36.2488 42.6956 86.6094 38.8444 82.8011 88.5684 54.8219 98.4138 71.0737 47.1618
47.2022 47.3363 50.3113 52.2966 78.7677 75.6049 82.6223 81.1969 15.8310 13.6056 10.0000 12.0000 17.0000 17.2801 52.0476 73.6318 89.3977 61.0784 32.6716 39.1548 83.2393 35.5539 79.4046 85.0733 51.4005 94.8999 67.6281 43.6155
46.0555 45.3553 48.3275 50.3113 77.2681 74.0312 81.0634 79.4622 17.0711 15.3852 12.0000 10.0000 15.0000 15.3852 50.0500 72.6498 88.1025 59.2443 31.2132 37.3130 82.1110 34.5967 78.2422 83.7564 50.2244 93.5464 66.4004 41.7805
43.5410 40.4138 43.3766 45.3553 73.6396 70.2080 77.2681 75.1920 21.1803 20.1980 17.0000 15.0000 10.0000 12.0000 45.0571 70.4152 85.0000 54.7214 28.0278 32.8254 79.4622 32.8035 75.5134 80.6045 47.5899 90.2808 63.5350 37.2947
45.3412 40.1496 43.1361 45.1283 75.0692 71.5549 78.6222 76.2873 20.4403 20.0000 17.2801 15.3852 12.0000 10.0000 45.0000 72.2415 86.6094 55.6508 29.7231 33.8537 81.1969 34.7386 77.2309 82.2011 49.3573 91.8352 65.2268 38.3019
47.7359 15.8310 13.6056 13.0000 58.0521 53.1741 59.3356 52.0595 55.0999 55.0000 52.0476 50.0500 45.0571 45.0000 10.0000 67.8705 72.8013 32.5610 40.2324 29.8494 72.0000 47.6431 68.0086 68.5491 48.9102 75.9697 57.3814 28.6011
36.9258 70.2080 70.5310 70.8276 32.3607 35.0000 36.9258 46.0555 79.4622 76.8880 73.6318 72.6498 70.4152 72.2415 67.8705 10.0000 30.6155 48.0789 52.7200 54.2832 21.1803 48.0789 19.0554 28.0278 33.0868 36.9258 20.7703 52.0119
52.4264 76.7083 76.0984 75.7647 25.0000 30.0000 25.8114 36.9258 95.1469 92.8794 89.3977 88.1025 85.0000 86.6094 72.8013 30.6155 10.0000 50.3113 67.0088 65.0091 20.0000 64.4518 21.7047 14.4721 48.1838 16.3246 31.9317 61.4782
36.9258 36.9258 35.9615 35.4951 35.4951 30.6155 36.9258 31.2132 65.9017 64.6260 61.0784 59.2443 54.7214 55.6508 32.5610 48.0789 50.3113 10.0000 40.4138 31.9317 50.3113 44.0588 46.4966 46.1248 35.5539 53.4166 37.3130 27.4642
25.8114 38.2843 40.4795 42.0156 56.0977 53.0116 60.0000 59.2443 38.2843 36.2488 32.6716 31.2132 28.0278 29.7231 40.2324 52.7200 67.0088 40.4138 10.0000 20.7703 61.4782 18.0623 57.5079 62.6308 29.6977 72.3699 45.5106 24.1421
29.6469 28.8680 30.6155 31.9317 52.2019 48.2884 55.3431 52.4382 44.0000 42.6956 39.1548 37.3130 32.8254 33.8537 29.8494 54.2832 65.0091 31.9317 20.7703 10.0000 61.2445 27.8045 57.1275 60.5371 32.0907 69.6825 45.1710 14.4721
46.0555 75.1920 75.0308 75.0000 28.0278 32.3607 31.2132 42.0156 89.0569 86.6094 83.2393 82.1110 79.4622 81.1969 72.0000 21.1803 20.0000 50.3113 61.4782 61.2445 10.0000 57.8017 14.1231 18.9443 41.9061 26.1245 26.1555 58.2701
22.0416 46.1248 48.1838 49.6232 55.2769 52.9535 59.6488 60.6952 41.3847 38.8444 35.5539 34.5967 32.8035 34.7386 47.6431 48.0789 64.4518 44.0588 18.0623 27.8045 57.8017 10.0000 54.0454 60.2494 26.2788 70.2080 42.5269 30.1246
42.2025 71.1310 71.0082 71.0082 25.5563 29.4165 29.4165 39.6985 85.2130 82.8011 79.4046 78.2422 75.5134 77.2309 68.0086 19.0554 21.7047 46.4966 57.5079 57.1275 14.1231 54.0454 10.0000 19.0000 38.0179 28.0278 22.0830 54.1475
48.2099 72.3699 71.8142 71.5224 21.1803 26.1245 23.0384 34.1868 90.8084 88.5684 85.0733 83.7564 80.6045 82.2011 68.5491 28.0278 14.4721 46.1248 62.6308 60.5371 18.9443 60.2494 19.0000 10.0000 43.9706 20.0000 27.8045 57.0106
14.2426 49.8497 50.8534 51.6293 39.5466 37.8927 44.1760 47.0540 57.2017 54.8219 51.4005 50.2244 47.5899 49.3573 48.9102 33.0868 48.1838 35.5539 29.6977 32.0907 41.9061 26.2788 38.0179 43.9706 10.0000 53.9318 26.2788 30.8806
58.1664 80.2140 79.3758 78.8840 28.0278 32.8035 27.0294 37.2947 100.6091 98.4138 94.8999 93.5464 90.2808 91.8352 75.9697 36.9258 16.3246 53.4166 72.3699 69.6825 26.1245 70.2080 28.0278 20.0000 53.9318 10.0000 37.8029 65.9464
30.5183 60.0100 60.1597 60.3587 26.0000 26.7631 31.0000 37.8568 73.4114 71.0737 67.6281 66.4004 63.5350 65.2268 57.3814 20.7703 31.9317 37.3130 45.5106 45.1710 26.1555 42.5269 22.0830 27.8045 26.2788 37.8029 10.0000 42.3883
29.2354 28.9737 30.1246 31.0950 48.2753 44.2053 51.2311 48.0132 48.4708 47.1618 43.6155 41.7805 37.2947 38.3019 28.6011 52.0119 61.4782 27.4642 24.1421 14.4721 58.2701 30.1246 54.1475 57.0106 30.8806 65.9464 42.3883 10.0000
0         960      
0         911      
0         910      
0         909      
371       491      
519       639      
653       773      
703       823      
43        163      
0         909      
278       398      
64        184      
33        153      
217       337      
37        157      
397       517      
0         907      
694       814      
258       378      
810       930      
645       765      
355       475      
349       469      
359       479      
359       479      
547       667      
308       428      
810       930      
# Sum of service times: 270
