31
0.0000 39.3573 36.0555 33.3017 35.3553 39.0512 33.5410 33.5261 32.3883 35.3553 39.2938 41.2311 44.2041 43.0116 40.6079 36.0555 30.8058 38.0789 37.2022 38.3275 25.0000 20.0000 18.0278 9.2195 39.2938 32.5576 38.4708 14.7648 15.5242 14.1421 20.5183
49.3573 10.0000 15.3852 20.7703 22.2066 18.6023 61.4198 57.1275 52.3792 53.4626 59.2443 60.0899 55.0000 53.0000 53.1045 48.3275 47.3631 43.0000 16.4031 54.7214 65.0818 45.0571 51.4005 44.2053 42.0156 42.2025 33.3452 52.2966 55.2769 43.2415 60.1597
46.0555 15.3852 10.0000 15.3852 17.0711 15.0000 56.0977 51.7612 47.0000 48.0789 53.8634 54.7214 57.2652 55.2769 55.0444 50.0000 48.3275 45.3553 12.0000 49.3573 60.2494 40.0000 50.3113 40.0832 36.9072 36.8328 28.4391 47.6563 53.6005 38.6356 55.3982
43.3017 20.7703 15.3852 10.0000 13.0000 15.8310 50.7922 46.4005 41.6228 42.6956 48.4838 49.3573 60.0100 58.0521 57.5184 52.2966 50.0000 48.3275 15.0000 44.0000 55.5412 35.0799 49.9249 36.4197 31.9317 31.4709 23.8924 43.2415 52.5441 34.3516 50.7922
45.3553 22.2066 17.0711 13.0000 10.0000 15.0000 50.3113 45.6931 40.8058 41.6228 47.3363 48.0789 62.9528 60.9902 60.4876 55.2769 53.0000 51.2311 15.8310 42.6956 56.0977 35.4951 52.7200 38.0179 29.8494 30.2485 21.4018 44.1760 55.1774 35.4951 51.4849
49.0512 18.6023 15.0000 15.8310 15.0000 10.0000 55.2769 50.6079 45.6931 46.4005 52.0595 52.7200 62.2398 60.2494 60.0400 55.0000 53.2897 50.3113 13.0000 47.3363 60.9902 40.4138 54.7214 42.2490 33.8537 35.0000 25.0000 48.8973 57.7074 40.0832 56.3249
43.5410 61.4198 56.0977 50.7922 50.3113 55.2769 10.0000 15.3852 20.1980 21.1803 19.4340 21.1803 85.8222 84.3303 82.3464 77.2681 72.4820 77.2681 55.7056 22.8062 25.8114 28.0278 61.4782 37.0185 36.2488 31.0950 43.2415 28.7883 58.8467 33.3452 26.0000
43.5261 57.1275 51.7612 46.4005 45.6931 50.6079 15.3852 10.0000 15.0000 15.8310 16.0000 18.0000 84.2024 82.6223 80.8025 75.6049 71.0328 75.0692 51.2311 17.8102 29.7231 25.6205 61.0784 35.9422 30.8806 26.0000 38.0713 29.2354 59.0408 31.6333 28.6815
42.3883 52.3792 47.0000 41.6228 40.8058 45.6931 20.1980 15.0000 10.0000 13.0000 17.8102 19.4340 81.2811 79.6348 77.9559 72.6817 68.3095 71.7171 46.4005 16.0000 32.6716 23.0000 59.3356 34.0416 26.1555 21.0000 33.0868 29.1050 57.8539 29.3132 30.5913
45.3553 53.4626 48.0789 42.6956 41.6228 46.4005 21.1803 15.8310 13.0000 10.0000 15.8310 17.0711 83.7835 82.1110 80.4911 75.1920 70.9016 74.0312 47.3363 13.0000 35.0000 25.8114 62.2015 36.9258 25.2971 21.4018 33.0217 32.0907 60.8035 32.1359 33.2594
49.2938 59.2443 53.8634 48.4838 47.3363 52.0595 19.4340 16.0000 17.8102 15.8310 10.0000 12.0000 89.0569 87.4209 85.7166 80.4557 76.0379 79.5270 53.0813 15.0000 35.0799 30.5913 66.6480 41.3847 30.0000 27.0880 38.2843 35.1794 64.8179 36.8328 34.5153
51.2311 60.0899 54.7214 49.3573 48.0789 52.7200 21.1803 18.0000 19.4340 17.0711 12.0000 10.0000 90.7094 89.0569 87.3886 82.1110 77.7422 81.0634 53.8634 15.3852 36.9258 32.3607 68.5235 43.2415 30.0998 27.8885 38.6356 37.1662 66.7539 38.6356 36.4764
54.2041 55.0000 57.2652 60.0100 62.9528 62.2398 85.8222 84.2024 81.2811 83.7835 89.0569 90.7094 10.0000 12.0000 13.6056 18.6023 23.4536 22.0000 59.2544 86.3217 79.2026 68.6003 37.7308 58.8365 79.6419 75.7419 73.3246 68.0000 43.2415 62.6308 74.6607
53.0116 53.0000 55.2769 58.0521 60.9902 60.2494 84.3303 82.6223 79.6348 82.1110 87.4209 89.0569 12.0000 10.0000 13.0000 17.0711 22.2066 20.0000 57.2652 84.6257 78.0074 67.0088 36.9258 57.3814 77.7791 73.9531 71.4003 66.6392 42.5730 61.0882 73.4114
50.6079 53.1045 55.0444 57.5184 60.4876 60.0400 82.3464 80.8025 77.9559 80.4911 85.7166 87.3886 13.6056 13.0000 10.0000 15.3852 19.8995 20.4403 57.0425 83.0616 75.6049 65.2178 34.1661 55.3431 76.7308 72.6498 70.6383 64.4518 39.7321 59.2037 71.0737
46.0555 48.3275 50.0000 52.2966 55.2769 55.0000 77.2681 75.6049 72.6817 75.1920 80.4557 82.1110 18.6023 17.0711 15.3852 10.0000 15.3852 17.0711 52.0000 77.7422 71.0328 60.0000 30.6155 50.3113 71.3514 67.2713 65.3173 59.5782 36.4764 54.0454 66.4004
40.8058 47.3631 48.3275 50.0000 53.0000 53.2897 72.4820 71.0328 68.3095 70.9016 76.0379 77.7422 23.4536 22.2066 19.8995 15.3852 10.0000 20.4403 50.3113 73.5295 65.8032 55.4863 25.2971 45.4683 67.9741 63.4883 62.4690 54.5533 31.2132 49.4081 61.2250
48.0789 43.0000 45.3553 48.3275 51.2311 50.3113 77.2681 75.0692 71.7171 74.0312 79.5270 81.0634 22.0000 20.0000 20.4403 17.0711 20.4403 10.0000 47.3363 76.4003 72.6498 59.4975 35.0000 50.8044 68.6003 65.2268 61.8652 60.4777 41.0000 53.9318 67.8014
47.2022 16.4031 12.0000 15.0000 15.8310 13.0000 55.7056 51.2311 46.4005 47.3363 53.0813 53.8634 59.2544 57.2652 57.0425 52.0000 50.3113 47.3363 10.0000 48.4838 60.4876 40.0666 52.0595 40.8707 35.6125 36.0000 26.9706 48.0789 55.2217 39.1204 55.7056
48.3275 54.7214 49.3573 44.0000 42.6956 47.3363 22.8062 17.8102 16.0000 13.0000 15.0000 15.3852 86.3217 84.6257 83.0616 77.7422 73.5295 76.4003 48.4838 10.0000 37.4591 28.6815 65.0818 39.8329 25.0000 22.5300 33.3452 35.0799 63.7587 35.0000 36.0000
35.0000 65.0818 60.2494 55.5412 56.0977 60.9902 25.8114 29.7231 32.6716 35.0000 35.0799 36.9258 79.2026 78.0074 75.6049 71.0328 65.8032 72.6498 60.4876 37.4591 10.0000 30.6155 52.4264 32.8035 47.8021 41.0644 52.4853 23.1529 48.4187 32.0227 15.0990
30.0000 45.0571 40.0000 35.0799 35.4951 40.4138 28.0278 25.6205 23.0000 25.8114 30.5913 32.3607 68.6003 67.0088 65.2178 60.0000 55.4863 59.4975 40.0666 28.6815 30.6155 10.0000 46.4005 21.1803 30.5913 23.4164 32.8035 19.8995 45.2278 16.3246 26.1555
28.0278 51.4005 50.3113 49.9249 52.7200 54.7214 61.4782 61.0784 59.3356 62.2015 66.6480 68.5235 37.7308 36.9258 34.1661 30.6155 25.2971 35.0000 52.0595 65.0818 52.4264 46.4005 10.0000 35.2982 63.0000 57.1699 59.6488 42.7567 16.0000 40.0832 48.2884
19.2195 44.2053 40.0832 36.4197 38.0179 42.2490 37.0185 35.9422 34.0416 36.9258 41.3847 43.2415 58.8365 57.3814 55.3431 50.3113 45.4683 50.8044 40.8707 39.8329 32.8035 21.1803 35.2982 10.0000 40.0832 33.3452 39.6816 19.8489 34.0832 15.0000 27.7200
49.2938 42.0156 36.9072 31.9317 29.8494 33.8537 36.2488 30.8806 26.1555 25.2971 30.0000 30.0998 79.6419 77.7791 76.7308 71.3514 67.9741 68.6003 35.6125 25.0000 47.8021 30.5913 63.0000 40.0832 10.0000 17.2111 18.9443 40.2324 63.3385 35.2982 44.6554
42.5576 42.2025 36.8328 31.4709 30.2485 35.0000 31.0950 26.0000 21.0000 21.4018 27.0880 27.8885 75.7419 73.9531 72.6498 67.2713 63.4883 65.2268 36.0000 22.5300 41.0644 23.4164 57.1699 33.3452 17.2111 10.0000 22.1655 33.0217 57.0425 28.4391 37.6586
48.4708 33.3452 28.4391 23.8924 21.4018 25.0000 43.2415 38.0713 33.0868 33.0217 38.2843 38.6356 73.3246 71.4003 70.6383 65.3173 62.4690 61.8652 26.9706 33.3452 52.4853 32.8035 59.6488 39.6816 18.9443 22.1655 10.0000 42.6497 60.9608 35.6125 48.5876
24.7648 52.2966 47.6563 43.2415 44.1760 48.8973 28.7883 29.2354 29.1050 32.0907 35.1794 37.1662 68.0000 66.6392 64.4518 59.5782 54.5533 60.4777 48.0789 35.0799 23.1529 19.8995 42.7567 19.8489 40.2324 33.0217 42.6497 10.0000 40.0832 19.0554 18.0623
25.5242 55.2769 53.6005 52.5441 55.1774 57.7074 58.8467 59.0408 57.8539 60.8035 64.8179 66.7539 43.2415 42.5730 39.7321 36.4764 31.2132 41.0000 55.2217 63.7587 48.4187 45.2278 16.0000 34.0832 63.3385 57.0425 60.9608 40.0832 10.0000 39.0689 44.6699
24.1421 43.2415 38.6356 34.3516 35.4951 40.0832 33.3452 31.6333 29.3132 32.1359 36.8328 38.6356 62.6308 61.0882 59.2037 54.0454 49.4081 53.9318 39.1204 35.0000 32.0227 16.3246 40.0832 15.0000 35.2982 28.4391 35.6125 19.0554 39.0689 10.0000 27.0000
30.5183 60.1597 55.3982 50.7922 51.4849 56.3249 26.0000 28.6815 30.5913 33.2594 34.5153 36.4764 74.6607 73.4114 71.0737 66.4004 61.2250 67.8014 55.7056 36.0000 15.0990 26.1555 48.2884 27.7200 44.6554 37.6586 48.5876 18.0623 44.6699 27.0000 10.0000
0         960      
473       588      
418       913      
249       646      
281       438      
272       581      
236       625      
33        510      
166       399      
35        457      
39        538      
214       415      
396       905      
43        712      
530       703      
36        800      
207       664      
549       718      
435       662      
38        366      
109       360      
284       585      
568       753      
9         532      
255       436      
195       654      
258       565      
85        338      
538       705      
109       354      
170       565      
# Sum of service times: 300
