29
0.0000 35.0571 35.0000 35.0571 45.2769 58.5235 57.0088 55.7136 52.2015 52.0000 50.2892 51.0784 51.4782 47.4342 45.0444 38.0526 35.3412 33.5410 47.1699 39.0512 25.2982 36.0555 42.9418 49.9800 27.0185 35.4683 52.4786 14.7648 20.6155
45.0571 10.0000 12.0000 14.0000 22.2066 65.0818 66.6480 62.2015 62.0000 58.3839 60.1597 57.4342 54.1475 57.4236 20.0000 13.0000 46.0555 23.9284 37.4591 33.5372 44.8281 32.5610 28.2483 32.4722 30.5183 32.4722 36.9258 40.0832 36.0768
45.0000 12.0000 10.0000 12.0000 21.1803 67.0088 68.5235 64.1202 63.8516 60.2892 62.0000 59.3356 56.0977 59.2443 20.1980 13.6056 47.7359 25.8114 35.4951 35.4951 46.1248 30.6155 30.2237 30.8087 32.0227 34.3516 38.7924 40.8707 37.2029
45.0571 14.0000 12.0000 10.0000 20.4403 68.9406 70.4070 66.0446 65.7136 62.2015 63.8516 61.2445 58.0521 61.0784 20.7703 15.0000 49.4462 27.7200 33.5372 37.4591 47.4833 28.6815 32.2036 29.2094 33.6008 36.2488 40.6757 41.7648 38.4253
55.2769 22.2066 21.1803 20.4403 10.0000 75.0000 77.0820 72.2415 72.6498 68.6003 70.9016 67.6975 63.8516 68.3095 17.0000 19.8995 57.6340 35.0000 30.6155 43.5410 57.0106 31.2132 35.9615 22.1655 42.5576 43.2866 42.0000 52.0476 48.2753
68.5235 65.0818 67.0088 68.9406 75.0000 10.0000 15.0000 13.0000 17.0711 17.0000 18.6023 18.0000 21.1803 21.1803 68.6003 65.9732 33.5372 51.2311 92.4621 41.6228 43.2415 85.6637 49.3573 86.8960 48.0132 42.7567 47.5366 53.9659 49.6232
67.0088 66.6480 68.5235 70.4070 77.0820 15.0000 10.0000 15.8310 15.0000 18.6023 17.0000 19.4340 24.1421 20.0000 70.9016 67.7754 33.0000 52.7200 93.8153 43.5410 41.7805 86.4853 51.8808 88.7909 48.4708 44.1760 51.0366 52.7551 49.0512
65.7136 62.2015 64.1202 66.0446 72.2415 13.0000 15.8310 10.0000 15.3852 14.0000 16.4031 15.0000 18.6023 18.6023 65.9017 63.1413 30.6155 48.3275 89.5550 38.7924 40.4631 82.6911 46.7151 84.0945 45.0143 39.8329 45.3553 51.1096 46.6742
62.2015 62.0000 63.8516 65.7136 72.6498 17.0711 15.0000 15.3852 10.0000 15.3852 12.0000 15.8310 21.1803 15.0000 66.6039 63.2259 28.0000 48.0789 89.0569 39.1548 36.9258 81.5891 47.8021 84.2496 43.5410 39.5466 47.8021 47.8550 44.0588
62.0000 58.3839 60.2892 62.2015 68.6003 17.0000 18.6023 14.0000 15.3852 10.0000 15.0000 11.0000 15.8310 15.8310 62.3546 59.3964 26.7631 44.4819 85.6902 35.0799 36.8328 78.7314 43.2866 80.3847 41.0161 35.9615 42.6497 47.3363 42.7567
60.2892 60.1597 62.0000 63.8516 70.9016 18.6023 17.0000 16.4031 12.0000 15.0000 10.0000 15.0990 20.4403 13.0000 64.9181 61.4296 26.0000 46.2491 87.1622 37.4591 35.0000 79.6348 46.2353 82.4500 41.5753 37.7308 46.6197 45.9026 42.0624
61.0784 57.4342 59.3356 61.2445 67.6975 18.0000 19.4340 15.0000 15.8310 11.0000 15.0990 10.0000 15.3852 15.3852 61.4782 58.4665 25.8114 43.5261 84.7262 34.1661 35.9422 77.7422 42.4500 79.4622 40.0167 35.0000 42.0156 46.4005 41.7805
61.4782 54.1475 56.0977 58.0521 63.8516 21.1803 24.1421 18.6023 21.1803 15.8310 20.4403 15.3852 10.0000 20.0000 57.4236 54.9222 26.4012 40.4138 81.5891 30.6155 37.0185 75.1920 38.1780 75.7875 38.2843 32.0907 36.9072 46.7151 41.3847
57.4342 57.4236 59.2443 61.0784 68.3095 21.1803 20.0000 18.6023 15.0000 15.8310 13.0000 15.3852 20.0000 10.0000 62.4309 58.7647 23.0000 43.5410 84.3303 35.0000 32.1359 76.7083 43.9706 79.7711 38.6356 35.0599 44.9857 42.9848 39.0689
55.0444 20.0000 20.1980 20.7703 17.0000 68.6003 70.9016 65.9017 66.6039 62.3546 64.9181 61.4782 57.4236 62.4309 10.0000 17.0000 52.4264 29.8494 37.4591 37.4591 53.0465 36.6271 29.3132 29.1050 38.3019 37.6586 35.0000 49.5601 44.9285
48.0526 13.0000 13.6056 15.0000 19.8995 65.9732 67.7754 63.1413 63.2259 59.3964 61.4296 58.4665 54.9222 58.7647 17.0000 10.0000 47.8021 25.2643 37.0740 34.3516 47.2022 33.4094 28.0000 31.0238 32.6716 33.7065 35.9615 42.8938 38.6531
45.3412 46.0555 47.7359 49.4462 57.6340 33.5372 33.0000 30.6155 28.0000 26.7631 26.0000 25.8114 26.4012 23.0000 52.4264 47.8021 10.0000 32.6716 72.2415 26.5529 20.6301 64.1202 35.9422 68.5235 26.1555 25.0000 40.4138 30.6155 26.1245
43.5410 23.9284 25.8114 27.7200 35.0000 51.2311 52.7200 48.3275 48.0789 44.4819 46.2491 43.5261 40.4138 43.5410 29.8494 25.2643 32.6716 10.0000 51.2311 20.0000 33.7697 45.0000 19.4340 46.2353 19.2195 18.5440 29.2094 33.0868 27.0294
57.1699 37.4591 35.4951 33.5372 30.6155 92.4621 93.8153 89.5550 89.0569 85.6902 87.1622 84.7262 81.5891 84.3303 37.4591 37.0740 72.2415 51.2311 10.0000 60.9902 68.5235 21.1803 55.0444 20.6301 56.0977 59.7293 62.2398 60.3289 59.0918
49.0512 33.5372 35.4951 37.4591 43.5410 41.6228 43.5410 38.7924 39.1548 35.0799 37.4591 34.1661 30.6155 35.0000 37.4591 34.3516 26.5529 20.0000 60.9902 10.0000 32.0227 55.0000 19.4340 55.3100 22.0416 13.6056 25.1327 35.9422 29.2354
35.2982 44.8281 46.1248 47.4833 57.0106 43.2415 41.7805 40.4631 36.9258 36.8328 35.0000 35.9422 37.0185 32.1359 53.0465 47.2022 20.6301 33.7697 68.5235 32.0227 10.0000 59.1935 40.2655 66.5862 24.7648 29.0263 47.1214 21.0454 19.4340
46.0555 32.5610 30.6155 28.6815 31.2132 85.6637 86.4853 82.6911 81.5891 78.7314 79.6348 77.7422 75.1920 76.7083 36.6271 33.4094 64.1202 45.0000 21.1803 55.0000 59.1935 10.0000 50.7922 27.2627 48.0789 53.1045 59.3356 50.2244 49.8121
52.9418 28.2483 30.2237 32.2036 35.9615 49.3573 51.8808 46.7151 47.8021 43.2866 46.2353 42.4500 38.1780 43.9706 29.3132 28.0000 35.9422 19.4340 55.0444 19.4340 40.2655 50.7922 10.0000 48.0789 27.2627 21.4018 19.8995 41.7805 35.3180
59.9800 32.4722 30.8087 29.2094 22.1655 86.8960 88.7909 84.0945 84.2496 80.3847 82.4500 79.4622 75.7875 79.7711 29.1050 31.0238 68.5235 46.2353 20.6301 55.3100 66.5862 27.2627 48.0789 10.0000 52.8019 54.7214 54.0454 60.0000 57.3814
37.0185 30.5183 32.0227 33.6008 42.5576 48.0132 48.4708 45.0143 43.5410 41.0161 41.5753 40.0167 38.2843 38.6356 38.3019 32.6716 26.1555 19.2195 56.0977 22.0416 24.7648 48.0789 27.2627 52.8019 10.0000 18.4853 36.0000 24.5602 18.0623
45.4683 32.4722 34.3516 36.2488 43.2866 42.7567 44.1760 39.8329 39.5466 35.9615 37.7308 35.0000 32.0907 35.0599 37.6586 33.7065 25.0000 18.5440 59.7293 13.6056 29.0263 53.1045 21.4018 54.7214 18.4853 10.0000 28.4391 32.3607 25.6525
62.4786 36.9258 38.7924 40.6757 42.0000 47.5366 51.0366 45.3553 47.8021 42.6497 46.6197 42.0156 36.9072 44.9857 35.0000 35.9615 40.4138 29.2094 62.2398 25.1327 47.1214 59.3356 19.8995 54.0454 36.0000 28.4391 10.0000 50.4969 43.8378
24.7648 40.0832 40.8707 41.7648 52.0476 53.9659 52.7551 51.1096 47.8550 47.3363 45.9026 46.4005 46.7151 42.9848 49.5601 42.8938 30.6155 33.0868 60.3289 35.9422 21.0454 50.2244 41.7805 60.0000 24.5602 32.3607 50.4969 10.0000 16.7082
30.6155 36.0768 37.2029 38.4253 48.2753 49.6232 49.0512 46.6742 44.0588 42.7567 42.0624 41.7805 41.3847 39.0689 44.9285 38.6531 26.1245 27.0294 59.0918 29.2354 19.4340 49.8121 35.3180 57.3814 18.0623 25.6525 43.8378 16.7082 10.0000
0         960      
494       699      
383       486      
609       872      
821       881      
349       829      
138       273      
78        339      
132       375      
252       359      
50        530      
562       799      
71        208      
307       787      
424       904      
460       539      
327       807      
273       498      
842       902      
39        316      
298       358      
675       735      
298       358      
794       854      
425       485      
164       644      
611       897      
14        74       
20        500      
# Sum of service times: 280
