25
0.0000 30.8058 43.0116 37.2022 36.0555 40.3113 30.8058 33.5410 35.3412 37.7359 20.0000 18.0278 14.1421 18.0278 15.8114 29.1548 13.0384 10.0000 25.4951 27.4591 12.0416 14.7648 4.2426 12.0416 17.1172
40.8058 10.0000 54.1475 50.3113 48.3275 49.2938 46.0000 43.3766 43.7343 17.2801 35.0799 46.2491 27.0000 58.8262 35.0799 68.7282 52.4853 33.4307 57.4236 52.2019 41.9061 42.3883 41.7648 52.6380 54.2041
53.0116 54.1475 10.0000 15.8310 17.0711 15.0000 22.2066 21.1803 20.4403 55.0999 67.0088 36.9258 53.0116 62.2015 38.2843 60.0000 63.6656 45.3553 40.0000 30.0998 41.3847 66.6392 57.2017 55.8803 47.8550
47.2022 50.3113 15.8310 10.0000 12.0000 15.3852 16.4031 17.0000 17.2801 52.0476 61.6140 31.1896 47.7359 56.5725 32.6716 55.0999 57.8539 39.7321 35.1794 25.0333 35.5539 60.9313 51.4005 50.1622 42.3883
46.0555 48.3275 17.0711 12.0000 10.0000 15.0000 15.3852 15.0000 15.3852 50.0500 60.0000 30.6155 46.0555 56.0977 31.2132 55.2769 57.0106 38.2843 35.4951 25.2971 34.5967 59.5782 50.2244 49.5601 42.1403
50.3113 49.2938 15.0000 15.3852 15.0000 10.0000 20.1980 17.0711 15.8310 50.1123 63.1507 35.4951 49.0512 60.9902 35.0000 60.2494 61.6236 42.0156 40.4138 30.2237 39.1548 63.4135 54.4185 54.3847 47.1214
40.8058 46.0000 22.2066 16.4031 15.3852 20.1980 10.0000 15.8310 17.6158 48.6394 55.4863 25.2971 41.7648 50.7922 26.4012 50.6079 51.6293 33.4307 31.1896 21.1803 29.2354 54.5533 45.0000 44.2053 37.0185
43.5410 43.3766 21.1803 17.0000 15.0000 17.0711 15.8310 10.0000 12.0000 45.0571 56.0977 30.0000 42.0156 55.2769 28.0278 56.0977 55.2217 35.0000 36.9258 27.0000 32.8035 56.4004 47.5899 48.4708 42.0624
45.3412 43.7343 20.4403 17.2801 15.3852 15.8310 17.6158 12.0000 10.0000 45.0000 57.4236 32.0000 43.3017 57.2652 29.7231 58.0521 57.1275 36.6271 38.7924 28.7883 34.7386 58.0104 49.3573 50.4475 44.0588
47.7359 17.2801 55.0999 52.0476 50.0500 50.1123 48.6394 45.0571 45.0000 10.0000 42.0000 51.3401 34.1661 65.7584 40.2324 75.0692 59.6588 39.7321 62.4786 56.2385 47.6431 49.6232 48.9102 59.4065 60.2494
30.0000 35.0799 67.0088 61.6140 60.0000 63.1507 55.4863 56.0977 57.4236 42.0000 10.0000 46.4005 24.1421 43.5410 39.1548 57.4342 34.6982 32.3607 55.2769 55.5412 40.0832 19.8995 27.2627 40.0832 47.0540
28.0278 46.2491 36.9258 31.1896 30.6155 35.4951 25.2971 30.0000 32.0000 51.3401 46.4005 10.0000 35.0000 35.4951 21.1803 36.9258 36.9258 25.0000 21.1803 19.4340 16.3246 42.7567 32.2036 28.9737 22.1655
24.1421 27.0000 53.0116 47.7359 46.0555 49.0512 41.7648 42.0156 43.3017 34.1661 24.1421 35.0000 10.0000 42.0156 25.8114 53.0116 35.4951 20.0000 45.3553 43.3766 29.1050 27.2627 24.7648 36.1725 39.5466
28.0278 58.8262 62.2015 56.5725 56.0977 60.9902 50.7922 55.2769 57.2652 65.7584 43.5410 35.4951 42.0156 10.0000 40.4138 25.0000 19.2195 36.9258 35.0000 42.6956 33.0217 34.3516 27.6918 17.0711 24.7648
25.8114 35.0799 38.2843 32.6716 31.2132 35.0000 26.4012 28.0278 29.7231 40.2324 39.1548 21.1803 25.8114 40.4138 10.0000 46.0555 38.2843 17.0711 32.3607 28.0000 18.0623 38.4253 29.6977 33.3452 30.8087
39.1548 68.7282 60.0000 55.0999 55.2769 60.2494 50.6079 56.0977 58.0521 75.0692 57.4342 36.9258 53.0116 25.0000 46.0555 10.0000 34.0832 45.3553 30.0000 40.0666 38.0179 48.8330 40.4631 27.4642 25.2643
23.0384 52.4853 63.6656 57.8539 57.0106 61.6236 51.6293 55.2217 57.1275 59.6588 34.6982 36.9258 35.4951 19.2195 38.2843 34.0832 10.0000 33.0217 40.0000 45.6090 32.4722 25.2315 20.7703 19.4340 29.4165
20.0000 33.4307 45.3553 39.7321 38.2843 42.0156 33.4307 35.0000 36.6271 39.7321 32.3607 25.0000 20.0000 36.9258 17.0711 45.3553 33.0217 10.0000 35.4951 33.5372 19.2195 31.4009 23.3417 30.1246 30.8087
35.4951 57.4236 40.0000 35.1794 35.4951 40.4138 31.1896 36.9258 38.7924 62.4786 55.2769 21.1803 45.3553 35.0000 32.3607 30.0000 40.0000 35.4951 10.0000 20.1980 26.2788 49.8497 39.1204 30.6155 20.6301
37.4591 52.2019 30.0998 25.0333 25.2971 30.2237 21.1803 27.0000 28.7883 56.2385 55.5412 19.4340 43.3766 42.6956 28.0000 40.0666 45.6090 33.5372 20.1980 10.0000 25.6525 52.1900 41.6228 36.9258 28.0278
22.0416 41.9061 41.3847 35.5539 34.5967 39.1548 29.2354 32.8035 34.7386 47.6431 40.0832 16.3246 29.1050 33.0217 18.0623 38.0179 32.4722 19.2195 26.2788 25.6525 10.0000 36.6271 26.2788 26.0000 22.8062
24.7648 42.3883 66.6392 60.9313 59.5782 63.4135 54.5533 56.4004 58.0104 49.6232 19.8995 42.7567 27.2627 34.3516 38.4253 48.8330 25.2315 31.4009 49.8497 52.1900 36.6271 10.0000 20.7703 32.0227 40.4138
14.2426 41.7648 57.2017 51.4005 50.2244 54.4185 45.0000 47.5899 49.3573 48.9102 27.2627 32.2036 24.7648 27.6918 29.6977 40.4631 20.7703 23.3417 39.1204 41.6228 26.2788 20.7703 10.0000 23.0000 30.0250
22.0416 52.6380 55.8803 50.1622 49.5601 54.3847 44.2053 48.4708 50.4475 59.4065 40.0832 28.9737 36.1725 17.0711 33.3452 27.4642 19.4340 30.1246 30.6155 36.9258 26.0000 32.0227 23.0000 10.0000 20.0000
27.1172 54.2041 47.8550 42.3883 42.1403 47.1214 37.0185 42.0624 44.0588 60.2494 47.0540 22.1655 39.5466 24.7648 30.8087 25.2643 29.4165 30.8087 20.6301 28.0278 22.8062 40.4138 30.0250 20.0000 10.0000
0         960      
30        510      
43        186      
308       368      
46        201      
339       438      
377       494      
33        166      
247       307      
37        177      
405       465      
554       767      
629       689      
560       673      
214       421      
197       257      
570       681      
613       730      
191       410      
27        507      
332       497      
14        494      
311       526      
457       937      
212       692      
# Sum of service times: 240
