29
0.0000 35.0571 45.2769 58.5235 57.0088 55.7136 52.2015 52.0000 50.2892 51.0784 51.4782 47.4342 37.2022 40.3113 30.8058 45.0444 35.3412 47.1699 29.1548 39.0512 25.2982 25.4951 49.9800 12.0416 52.4786 4.2426 14.7648 17.1172 20.6155
45.0571 10.0000 20.4403 68.9406 70.4070 66.0446 65.7136 62.2015 63.8516 61.2445 58.0521 61.0784 79.2892 83.3757 73.2456 20.7703 49.4462 33.5372 43.6006 37.4591 47.4833 58.2597 29.2094 54.3847 40.6757 42.0156 41.7648 48.0789 38.4253
55.2769 20.4403 10.0000 75.0000 77.0820 72.2415 72.6498 68.6003 70.9016 67.6975 63.8516 68.3095 89.7120 93.8153 83.6817 17.0000 57.6340 30.6155 52.4264 43.5410 57.0106 68.3095 22.1655 64.8179 42.0000 52.0476 52.0476 58.3011 48.2753
68.5235 68.9406 75.0000 10.0000 15.0000 13.0000 17.0711 17.0000 18.6023 18.0000 21.1803 21.1803 69.9083 75.1920 68.2580 68.6003 33.5372 92.4621 40.4138 41.6228 43.2415 49.0512 86.8960 63.8516 47.5366 70.4401 53.9659 52.0476 49.6232
67.0088 70.4070 77.0820 15.0000 10.0000 15.8310 15.0000 18.6023 17.0000 19.4340 24.1421 20.0000 65.8032 71.0328 64.4885 70.9016 33.0000 93.8153 40.0000 43.5410 41.7805 46.0555 88.7909 61.4296 51.0366 69.2284 52.7551 50.1622 49.0512
65.7136 66.0446 72.2415 13.0000 15.8310 10.0000 15.3852 14.0000 16.4031 15.0000 18.6023 18.6023 68.3095 73.6318 66.4004 65.9017 30.6155 89.5550 37.4591 38.7924 40.4631 46.7967 84.0945 61.3128 45.3553 67.5674 51.1096 49.3573 46.6742
62.2015 65.7136 72.6498 17.0711 15.0000 15.3852 10.0000 15.3852 12.0000 15.8310 21.1803 15.0000 63.0000 68.3095 61.2250 66.6039 28.0000 89.0569 35.0000 39.1548 36.9258 42.0156 84.2496 57.0106 47.8021 64.3415 47.8550 45.4683 44.0588
62.0000 62.2015 68.6003 17.0000 18.6023 14.0000 15.3852 10.0000 15.0000 11.0000 15.8310 15.8310 66.3560 71.7171 64.0833 62.3546 26.7631 85.6902 33.5372 35.0799 36.8328 43.9706 80.3847 58.0104 42.6497 63.7587 47.3363 45.8469 42.7567
60.2892 63.8516 70.9016 18.6023 17.0000 16.4031 12.0000 15.0000 10.0000 15.0990 20.4403 13.0000 61.9711 67.3062 60.0000 64.9181 26.0000 87.1622 33.0000 37.4591 35.0000 40.4795 82.4500 55.2769 46.6197 62.3927 45.9026 43.6155 42.0624
61.0784 61.2445 67.6975 18.0000 19.4340 15.0000 15.8310 11.0000 15.0990 10.0000 15.3852 15.3852 65.9017 71.2699 63.5350 61.4782 25.8114 84.7262 32.5610 34.1661 35.9422 43.3017 79.4622 57.2017 42.0156 62.8110 46.4005 44.9857 41.7805
61.4782 58.0521 63.8516 21.1803 24.1421 18.6023 21.1803 15.8310 20.4403 15.3852 10.0000 20.0000 69.6154 75.0000 66.8243 57.4236 26.4012 81.5891 32.3607 30.6155 37.0185 46.0555 75.7875 58.8365 36.9072 62.8015 46.7151 46.2353 41.3847
57.4342 61.0784 68.3095 21.1803 20.0000 18.6023 15.0000 15.8310 13.0000 15.3852 20.0000 10.0000 60.5371 65.9017 58.2597 62.4309 23.0000 84.3303 30.0000 35.0000 32.1359 38.2843 79.7711 52.7200 44.9857 59.4773 42.9848 40.8707 39.0689
47.2022 79.2892 89.7120 69.9083 65.8032 68.3095 63.0000 66.3560 61.9711 65.9017 69.6154 60.5371 10.0000 15.3852 16.4031 87.6209 56.0977 94.3149 55.0999 70.0750 48.0526 35.1794 96.3134 35.5539 85.1665 51.4005 48.0789 42.3883 53.4166
50.3113 83.3757 93.8153 75.1920 71.0328 73.6318 68.3095 71.7171 67.3062 71.2699 75.0000 65.9017 15.3852 10.0000 20.1980 92.0000 61.4198 97.4643 60.2494 75.1920 53.1856 40.4138 99.9611 39.1548 90.3057 54.4185 52.5793 47.1214 58.1664
40.8058 73.2456 83.6817 68.2580 64.4885 66.4004 61.2250 64.0833 60.0000 63.5350 66.8243 58.2597 16.4031 20.1980 10.0000 81.8053 52.3792 87.9359 50.6079 65.4437 43.5410 31.1896 90.0562 29.2354 80.5762 45.0000 42.3883 37.0185 48.0526
55.0444 20.7703 17.0000 68.6003 70.9016 65.9017 66.6039 62.3546 64.9181 61.4782 57.4236 62.4309 87.6209 92.0000 81.8053 10.0000 52.4264 37.4591 47.8021 37.4591 53.0465 65.0364 29.1050 63.4603 35.0000 52.2966 49.5601 55.5412 44.9285
45.3412 49.4462 57.6340 33.5372 33.0000 30.6155 28.0000 26.7631 26.0000 25.8114 26.4012 23.0000 56.0977 61.4198 52.3792 52.4264 10.0000 72.2415 17.0000 26.5529 20.6301 31.1896 68.5235 42.5269 40.4138 47.0000 30.6155 29.8494 26.1245
57.1699 33.5372 30.6155 92.4621 93.8153 89.5550 89.0569 85.6902 87.1622 84.7262 81.5891 84.3303 94.3149 97.4643 87.9359 37.4591 72.2415 10.0000 65.9017 60.9902 68.5235 77.2681 20.6301 68.8218 62.2398 53.0465 60.3289 66.6392 59.0918
39.1548 43.6006 52.4264 40.4138 40.0000 37.4591 35.0000 33.5372 33.0000 32.5610 32.3607 30.0000 55.0999 60.2494 50.6079 47.8021 17.0000 65.9017 10.0000 25.0000 17.0711 30.0000 62.8015 38.0179 40.0666 40.4631 24.4222 25.2643 19.2195
49.0512 37.4591 43.5410 41.6228 43.5410 38.7924 39.1548 35.0799 37.4591 34.1661 30.6155 35.0000 70.0750 75.1920 65.4437 37.4591 26.5529 60.9902 25.0000 10.0000 32.0227 45.0000 55.3100 51.2311 25.1327 48.8973 35.9422 39.1204 29.2354
35.2982 47.4833 57.0106 43.2415 41.7805 40.4631 36.9258 36.8328 35.0000 35.9422 37.0185 32.1359 48.0526 53.1856 43.5410 53.0465 20.6301 68.5235 17.0711 32.0227 10.0000 23.0384 66.5862 31.9317 47.1214 37.4591 21.0454 19.2195 19.4340
35.4951 58.2597 68.3095 49.0512 46.0555 46.7967 42.0156 43.9706 40.4795 43.3017 46.0555 38.2843 35.1794 40.4138 31.1896 65.0364 31.1896 77.2681 30.0000 45.0000 23.0384 10.0000 76.8431 26.2788 60.0400 39.1204 26.9706 20.6301 30.1246
59.9800 29.2094 22.1655 86.8960 88.7909 84.0945 84.2496 80.3847 82.4500 79.4622 75.7875 79.7711 96.3134 99.9611 90.0562 29.1050 68.5235 20.6301 62.8015 55.3100 66.5862 76.8431 10.0000 70.8358 54.0454 56.1736 60.0000 66.4004 57.3814
22.0416 54.3847 64.8179 63.8516 61.4296 61.3128 57.0106 58.0104 55.2769 57.2017 58.8365 52.7200 35.5539 39.1548 29.2354 63.4603 42.5269 68.8218 38.0179 51.2311 31.9317 26.2788 70.8358 10.0000 65.9732 26.2788 25.5242 22.8062 32.1359
62.4786 40.6757 42.0000 47.5366 51.0366 45.3553 47.8021 42.6497 46.6197 42.0156 36.9072 44.9857 85.1665 90.3057 80.5762 35.0000 40.4138 62.2398 40.0666 25.1327 47.1214 60.0400 54.0454 65.9732 10.0000 61.6140 50.4969 54.1475 43.8378
14.2426 42.0156 52.0476 70.4401 69.2284 67.5674 64.3415 63.7587 62.3927 62.8110 62.8015 59.4773 51.4005 54.4185 45.0000 52.2966 47.0000 53.0465 40.4631 48.8973 37.4591 39.1204 56.1736 26.2788 61.6140 10.0000 26.4924 30.0250 31.4709
24.7648 41.7648 52.0476 53.9659 52.7551 51.1096 47.8550 47.3363 45.9026 46.4005 46.7151 42.9848 48.0789 52.5793 42.3883 49.5601 30.6155 60.3289 24.4222 35.9422 21.0454 26.9706 60.0000 25.5242 50.4969 26.4924 10.0000 16.4031 16.7082
27.1172 48.0789 58.3011 52.0476 50.1622 49.3573 45.4683 45.8469 43.6155 44.9857 46.2353 40.8707 42.3883 47.1214 37.0185 55.5412 29.8494 66.6392 25.2643 39.1204 19.2195 20.6301 66.4004 22.8062 54.1475 30.0250 16.4031 10.0000 21.0454
30.6155 38.4253 48.2753 49.6232 49.0512 46.6742 44.0588 42.7567 42.0624 41.7805 41.3847 39.0689 53.4166 58.1664 48.0526 44.9285 26.1245 59.0918 19.2195 29.2354 19.4340 30.1246 57.3814 32.1359 43.8378 31.4709 16.7082 21.0454 10.0000
0         960      
681       801      
784       904      
529       649      
146       266      
149       269      
194       314      
246       366      
165       285      
621       741      
80        200      
487       607      
278       398      
329       449      
376       496      
732       852      
507       627      
782       902      
167       287      
39        159      
268       388      
241       361      
764       884      
355       475      
713       833      
359       479      
14        134      
392       512      
100       220      
# Sum of service times: 280
