45
0.0000 36.0555 33.5410 31.6228 33.5261 32.3883 38.0789 35.3553 39.2938 41.2311 40.3113 45.1774 40.0500 35.0571 45.0000 35.0000 45.0444 35.0571 45.2769 37.2022 38.3275 45.0444 38.0526 25.0000 14.1421 26.9258 47.1699 42.4264 26.9258 20.6155 11.1803 10.0000 19.6469 36.0555 57.0088 49.9800 14.7648 19.2354 32.2025 38.2099 14.7648 20.6155 48.1664 20.5183 19.2354
46.0555 10.0000 56.0977 51.2311 51.7612 47.0000 57.4342 48.0789 53.8634 54.7214 50.3113 88.7464 83.3757 78.6222 87.6209 78.0074 87.1298 77.4463 86.4853 12.0000 49.3573 88.1601 81.4703 60.2494 32.3607 65.9017 80.1783 70.8276 30.6155 65.9017 52.7200 38.2843 28.6011 70.0000 86.4853 87.0584 47.6563 61.8652 66.0089 66.5685 59.5782 66.0803 74.0312 55.3982 27.0294
43.5410 56.0977 10.0000 15.0000 15.3852 20.1980 15.0000 21.1803 19.4340 21.1803 24.1421 55.3431 50.6079 47.7359 52.4264 46.0555 51.0366 44.4093 49.0512 55.7056 22.8062 53.8634 49.4081 25.8114 42.0156 32.3607 35.4951 25.0000 35.4951 45.3553 35.4951 49.0512 52.2019 28.0278 40.4138 44.5398 28.7883 37.2947 25.5563 21.1803 53.7379 56.0435 28.0278 26.0000 48.2753
41.6228 51.2311 15.0000 10.0000 12.0000 15.3852 17.0711 17.0711 18.0000 20.0000 21.1803 58.7955 53.8634 50.6079 56.0977 49.0512 54.8219 47.5366 53.0116 50.7922 19.4340 57.4236 52.5206 28.0278 38.2843 35.0000 40.4138 30.0000 30.6155 46.4005 35.0000 46.0555 48.2884 32.3607 45.3553 49.2173 27.2627 38.4605 29.4165 26.1245 53.1045 56.0977 32.8035 26.7631 44.2053
43.5261 51.7612 15.3852 12.0000 10.0000 15.0000 15.8310 15.8310 16.0000 18.0000 19.4340 60.2096 55.3431 52.2019 57.4236 50.6079 56.0977 49.0512 54.2041 51.2311 17.8102 58.7955 54.0454 29.7231 39.7321 36.6271 40.8058 30.0998 31.1896 48.3275 37.0000 47.7359 49.6232 33.3238 45.1283 49.9249 29.2354 40.3645 30.6155 26.4924 55.0999 58.0937 32.3607 28.6815 45.4683
42.3883 47.0000 20.1980 15.3852 15.0000 10.0000 20.4403 13.0000 17.8102 19.4340 18.0000 63.8145 58.7955 55.3431 61.2250 53.8634 60.0000 52.4264 58.2597 46.4005 16.0000 62.4976 57.3814 32.6716 36.6271 39.7321 45.6931 35.0799 26.5529 49.9249 37.4591 45.3412 46.1248 37.7308 50.1123 54.5982 29.1050 42.2025 34.6982 31.3776 55.0444 58.6621 37.2947 30.5913 41.8277
48.0789 57.4342 15.0000 17.0711 15.8310 20.4403 10.0000 20.0000 15.8310 17.0711 21.1803 59.2037 54.6542 52.0595 56.0977 50.3113 54.5982 48.5876 52.4264 56.8402 20.4403 57.6340 53.5660 30.6155 45.3553 36.9258 36.9258 25.8114 36.9258 50.3113 40.4138 53.0116 55.3431 31.2132 40.0000 46.7151 33.4094 42.2490 29.4165 23.0384 58.6621 61.0392 27.0294 31.0000 51.2311
45.3553 48.0789 21.1803 17.0711 15.8310 13.0000 20.0000 10.0000 15.8310 17.0711 15.0000 65.8659 60.9313 57.6340 63.1507 56.0977 61.8556 54.5982 60.0000 47.3363 13.0000 64.4885 59.5782 35.0000 39.1548 42.0156 46.4005 35.4951 28.0278 52.7200 40.4138 48.0789 48.4187 39.1548 50.0000 55.6946 32.0907 44.9285 36.4008 32.1359 58.0416 61.6236 37.0185 33.2594 44.0588
49.2938 53.8634 19.4340 18.0000 16.0000 17.8102 15.8310 15.8310 10.0000 12.0000 15.3852 64.6717 60.0000 57.1699 61.6624 55.4863 60.2096 53.8292 58.1041 53.0813 15.0000 63.1507 58.8262 35.0799 44.4093 41.7648 42.6956 31.5407 33.8537 54.1475 43.0000 52.9418 53.9318 36.9072 45.1283 52.5441 35.1794 46.1386 34.8395 28.8680 61.0882 64.0833 32.0907 34.5153 49.6232
51.2311 54.7214 21.1803 20.0000 18.0000 19.4340 17.0711 17.0711 12.0000 10.0000 15.0000 66.2228 61.6140 58.8774 63.1507 57.1699 61.6624 55.4863 59.4975 53.8634 15.3852 64.6717 60.4777 36.9258 46.0555 43.5410 43.5410 32.3607 35.0000 56.0977 45.0000 54.7214 55.4533 38.2843 45.3553 53.5660 37.1662 48.0789 36.4008 30.0000 63.0848 66.0803 32.3607 36.4764 51.1096
50.3113 50.3113 24.1421 21.1803 19.4340 18.0000 21.1803 15.0000 15.3852 15.0000 10.0000 69.4643 64.6717 61.6140 66.5685 60.0000 65.1725 58.4149 63.1507 49.3573 12.0000 68.0000 63.4135 39.1548 43.5410 46.0555 48.0789 36.9258 31.2132 57.4342 45.3553 52.7200 52.4382 42.0156 50.3113 57.8853 37.0740 49.5601 39.6985 34.1868 63.0377 66.5685 37.2947 37.8568 48.0132
55.1774 88.7464 55.3431 58.7955 60.2096 63.8145 59.2037 65.8659 64.6717 66.2228 69.4643 10.0000 15.3852 20.1980 14.0000 20.7703 16.0000 21.6619 19.0000 89.3788 68.0000 12.0000 17.2801 41.4006 66.7539 34.4131 39.4279 47.1618 72.1772 35.0200 46.1386 65.1453 74.6297 38.3019 49.0000 31.0950 51.6293 36.9258 39.8329 47.2156 49.0512 44.1760 52.0595 44.9857 73.3482
50.0500 83.3757 50.6079 53.8634 55.3431 58.7955 54.6542 60.9313 60.0000 61.6140 64.6717 15.3852 10.0000 15.0000 15.3852 15.3852 16.4031 16.4031 18.6023 84.0000 63.1507 15.0000 12.0000 36.2488 61.4198 29.2094 37.0000 43.5261 66.8243 30.2237 40.8058 60.0400 69.4138 34.1661 47.3363 30.2485 46.2491 31.5870 35.2389 43.1059 44.7851 40.4138 48.8330 39.6816 68.0517
45.0571 78.6222 47.7359 50.6079 52.2019 55.3431 52.0595 57.6340 57.1699 58.8774 61.6140 20.1980 15.0000 10.0000 20.1980 12.0000 20.7703 14.0000 22.2066 79.2892 60.0000 20.0000 13.0000 32.6716 56.5725 25.6205 37.4591 42.3883 62.4786 25.2971 35.9615 55.0444 64.4518 32.5610 48.3275 32.4722 41.7648 26.7631 32.8473 41.3209 40.0832 36.0768 48.1182 35.6125 63.1507
55.0000 87.6209 52.4264 56.0977 57.4236 61.2250 56.0977 63.1507 61.6624 63.1507 66.5685 14.0000 15.3852 20.1980 10.0000 20.0000 12.0000 20.1980 15.0000 88.1601 65.1725 12.0000 17.2801 39.1548 65.9017 32.3607 35.4951 43.5410 70.4152 35.4951 45.3553 65.0000 74.1950 35.0000 45.0000 27.1172 50.1622 36.1725 36.8701 43.8378 50.1622 45.7771 48.2753 43.1059 72.6498
45.0000 78.0074 46.0555 49.0512 50.6079 53.8634 50.3113 56.0977 55.4863 57.1699 60.0000 20.7703 15.3852 12.0000 20.0000 10.0000 20.1980 12.0000 21.1803 78.6222 58.4149 20.1980 13.6056 31.2132 56.0977 24.1421 35.4951 40.4138 61.4782 25.8114 35.4951 55.0000 64.2310 30.6155 46.4005 30.8087 40.8707 26.2788 31.0238 39.4109 40.8707 37.2029 46.1248 34.4131 62.7731
55.0444 87.1298 51.0366 54.8219 56.0977 60.0000 54.5982 61.8556 60.2096 61.6624 65.1725 16.0000 16.4031 20.7703 12.0000 20.1980 10.0000 20.0000 13.0000 87.6209 63.8145 14.0000 18.0623 38.1780 65.5788 31.5407 33.5372 41.7648 69.6154 35.9615 45.1283 65.0364 74.0703 33.4307 43.0000 25.1327 49.5601 36.0192 35.4951 42.2025 50.8534 46.7151 46.4005 42.3110 72.3939
45.0571 77.4463 44.4093 47.5366 49.0512 52.4264 48.5876 54.5982 53.8292 55.4863 58.4149 21.6619 16.4031 14.0000 20.1980 12.0000 20.0000 10.0000 20.4403 78.0074 56.8615 20.7703 15.0000 29.8494 55.7056 22.8062 33.5372 38.4429 60.5371 26.5529 35.1794 55.0444 64.0833 28.6815 44.4819 29.2094 40.0832 26.0312 29.2354 37.5136 41.7648 38.4253 44.1321 33.3238 62.4690
55.2769 86.4853 49.0512 53.0116 54.2041 58.2597 52.4264 60.0000 58.1041 59.4975 63.1507 19.0000 18.6023 22.2066 15.0000 21.1803 13.0000 20.4403 10.0000 86.9025 61.8556 17.0000 19.8995 36.9258 65.2268 30.6155 30.6155 39.1548 68.5235 36.9258 45.0000 65.2268 74.0000 31.2132 40.0000 22.1655 48.8330 36.0768 33.6008 39.8329 52.0476 48.2753 43.6155 41.3209 72.1289
47.2022 12.0000 55.7056 50.7922 51.2311 46.4005 56.8402 47.3363 53.0813 53.8634 49.3573 89.3788 84.0000 79.2892 88.1601 78.6222 87.6209 78.0074 86.9025 10.0000 48.4838 88.7464 82.1110 60.4876 33.3238 66.2939 80.0643 70.5310 30.2237 66.8243 53.4626 39.7321 30.2485 70.0333 86.1183 87.1622 48.0789 62.5547 66.0803 66.3205 60.9313 67.3847 73.5610 55.7056 28.3848
48.3275 49.3573 22.8062 19.4340 17.8102 16.0000 20.4403 13.0000 15.0000 15.3852 12.0000 68.0000 63.1507 60.0000 65.1725 58.4149 63.8145 56.8615 61.8556 48.4838 10.0000 66.5685 61.8556 37.4591 41.7648 44.4093 47.3363 36.2488 29.8494 55.5412 43.3766 50.8534 50.8044 40.8058 50.1123 56.9574 35.0799 47.6962 38.3196 33.2594 61.0392 64.5894 37.0740 36.0000 46.4005
55.0444 88.1601 53.8634 57.4236 58.7955 62.4976 57.6340 64.4885 63.1507 64.6717 68.0000 12.0000 15.0000 20.0000 12.0000 20.1980 14.0000 20.7703 17.0000 88.7464 66.5685 10.0000 17.0000 40.2324 66.2939 33.3238 37.4591 45.3412 71.2699 35.1794 45.6931 65.0364 74.3817 36.6271 47.0000 29.1050 50.8534 36.4764 38.3196 45.5106 49.5601 44.9285 50.1622 44.0000 72.9682
48.0526 81.4703 49.4081 52.5206 54.0454 57.3814 53.5660 59.5782 58.8262 60.4777 63.4135 17.2801 12.0000 13.0000 17.2801 13.6056 18.0623 15.0000 19.8995 82.1110 61.8556 17.0000 10.0000 34.7588 59.4773 27.6918 37.0740 42.9848 65.0727 28.2483 38.8617 58.0416 67.4282 33.4094 47.6563 31.0238 44.4384 29.6469 34.1868 42.3110 42.8938 38.6531 48.4708 38.0179 66.0892
35.0000 60.2494 25.8114 28.0278 29.7231 32.6716 30.6155 35.0000 35.0799 36.9258 39.1548 41.4006 36.2488 32.6716 39.1548 31.2132 38.1780 29.8494 36.9258 60.4876 37.4591 40.2324 34.7588 10.0000 40.4138 17.0711 32.3607 28.0278 41.6228 30.0000 24.1421 43.5410 50.2616 21.1803 42.0156 37.0740 23.1529 22.0416 17.2111 24.3178 40.8707 41.7805 34.1868 15.0990 47.4833
24.1421 32.3607 42.0156 38.2843 39.7321 36.6271 45.3553 39.1548 44.4093 46.0555 43.5410 66.7539 61.4198 56.5725 65.9017 56.0977 65.5788 55.7056 65.2268 33.3238 41.7648 66.2939 59.4773 40.4138 10.0000 45.0000 62.2015 54.7214 25.0000 43.5410 30.6155 20.0000 20.2956 51.2311 70.4152 67.4282 27.2627 39.8329 47.1080 50.2492 38.6007 44.7131 59.3964 35.3180 17.0711
36.9258 65.9017 32.3607 35.0000 36.6271 39.7321 36.9258 42.0156 41.7648 43.5410 46.0555 34.4131 29.2094 25.6205 32.3607 24.1421 31.5407 22.8062 30.6155 66.2939 44.4093 33.3238 27.6918 17.0711 45.0000 10.0000 31.2132 30.6155 48.0789 25.8114 25.8114 46.4005 54.2832 21.1803 42.0156 33.0868 28.2483 19.2195 19.0554 28.0278 39.2062 38.6356 36.9258 20.7703 52.0119
57.1699 80.1783 35.4951 40.4138 40.8058 45.6931 36.9258 46.4005 42.6956 43.5410 48.0789 39.4279 37.0000 37.4591 35.4951 35.4951 33.5372 33.5372 30.6155 80.0643 47.3363 37.4591 37.0740 32.3607 62.2015 31.2132 10.0000 21.1803 60.0000 46.0555 46.0555 65.9017 72.2977 21.1803 21.1803 20.6301 45.1141 40.4138 25.2315 24.3178 60.3289 59.0918 23.6015 37.3130 69.2030
52.4264 70.8276 25.0000 30.0000 30.0998 35.0799 25.8114 35.4951 31.5407 32.3607 36.9258 47.1618 43.5261 42.3883 43.5410 40.4138 41.7648 38.4429 39.1548 70.5310 36.2488 45.3412 42.9848 28.0278 54.7214 30.6155 21.1803 10.0000 50.3113 46.4005 42.0156 60.0000 65.0091 20.0000 25.8114 31.4009 38.6007 39.1548 21.7047 14.4721 58.7647 59.0408 16.3246 31.9317 61.4782
36.9258 30.6155 35.4951 30.6155 31.1896 26.5529 36.9258 28.0278 33.8537 35.0000 31.2132 72.1772 66.8243 62.4786 70.4152 61.4782 69.6154 60.5371 68.5235 30.2237 29.8494 71.2699 65.0727 41.6228 25.0000 48.0789 60.0000 50.3113 10.0000 52.4264 38.2843 35.0000 31.9317 50.3113 65.9017 67.5587 30.8087 46.4005 46.4966 46.1248 51.6293 57.0106 53.4166 37.3130 27.4642
30.6155 65.9017 45.3553 46.4005 48.3275 49.9249 50.3113 52.7200 54.1475 56.0977 57.4342 35.0200 30.2237 25.2971 35.4951 25.8114 35.9615 26.5529 36.9258 66.8243 55.5412 35.1794 28.2483 30.0000 43.5410 25.8114 46.0555 46.4005 52.4264 10.0000 24.1421 40.4138 50.2616 36.9258 57.1699 44.8281 32.2036 18.0623 34.7386 43.5410 25.2643 23.0384 52.7200 29.6469 49.5601
21.1803 52.7200 35.4951 35.0000 37.0000 37.4591 40.4138 40.4138 43.0000 45.0000 45.3553 46.1386 40.8058 35.9615 45.3553 35.4951 45.1283 35.1794 45.0000 53.4626 43.3766 45.6931 38.8617 24.1421 30.6155 25.8114 46.0555 42.0156 38.2843 24.1421 10.0000 30.6155 39.0000 35.0000 56.0977 48.8973 18.5440 19.2195 31.2603 38.0179 28.2483 31.2132 48.0132 20.2956 37.2947
20.0000 38.2843 49.0512 46.0555 47.7359 45.3412 53.0116 48.0789 52.9418 54.7214 52.7200 65.1453 60.0400 55.0444 65.0000 55.0000 65.0364 55.0444 65.2268 39.7321 50.8534 65.0364 58.0416 43.5410 20.0000 46.4005 65.9017 60.0000 35.0000 40.4138 30.6155 10.0000 20.2956 54.7214 75.1920 69.4811 31.4009 39.1548 50.7063 55.6070 31.4009 38.0179 65.3173 38.6531 21.4018
29.6469 28.6011 52.2019 48.2884 49.6232 46.1248 55.3431 48.4187 53.9318 55.4533 52.4382 74.6297 69.4138 64.4518 74.1950 64.2310 74.0703 64.0833 74.0000 30.2485 50.8044 74.3817 67.4282 50.2616 20.2956 54.2832 72.2977 65.0091 31.9317 50.2616 39.0000 20.2956 10.0000 61.2445 80.6824 77.0820 37.2029 48.0526 57.1275 60.5371 41.6228 48.2753 69.6825 45.1710 14.4721
46.0555 70.0000 28.0278 32.3607 33.3238 37.7308 31.2132 39.1548 36.9072 38.2843 42.0156 38.3019 34.1661 32.5610 35.0000 30.6155 33.4307 28.6815 31.2132 70.0333 40.8058 36.6271 33.4094 21.1803 51.2311 21.1803 21.1803 20.0000 50.3113 36.9258 35.0000 54.7214 61.2445 10.0000 31.2132 27.2627 34.0416 30.2485 14.1231 18.9443 50.2244 49.8121 26.1245 26.1555 58.2701
67.0088 86.4853 40.4138 45.3553 45.1283 50.1123 40.0000 50.0000 45.1283 45.3553 50.3113 49.0000 47.3363 48.3275 45.0000 46.4005 43.0000 44.4819 40.0000 86.1183 50.1123 47.0000 47.6563 42.0156 70.4152 42.0156 21.1803 25.8114 65.9017 57.1699 56.0977 75.1920 80.6824 31.2132 10.0000 28.1108 53.9090 51.2311 34.8395 30.2485 71.2209 70.2080 23.0384 46.6197 77.2309
59.9800 87.0584 44.5398 49.2173 49.9249 54.5982 46.7151 55.6946 52.5441 53.5660 57.8853 31.0950 30.2485 32.4722 27.1172 30.8087 25.1327 29.2094 22.1655 87.1622 56.9574 29.1050 31.0238 37.0740 67.4282 33.0868 20.6301 31.4009 67.5587 44.8281 48.8973 69.4811 77.0820 27.2627 28.1108 10.0000 50.1995 41.3050 31.0950 33.7065 60.0000 57.3814 34.2074 42.1403 74.4981
24.7648 47.6563 28.7883 27.2627 29.2354 29.1050 33.4094 32.0907 35.1794 37.1662 37.0740 51.6293 46.2491 41.7648 50.1622 40.8707 49.5601 40.0832 48.8330 48.0789 35.0799 50.8534 44.4384 23.1529 27.2627 28.2483 45.1141 38.6007 30.8087 32.2036 18.5440 31.4009 37.2029 34.0416 53.9090 50.1995 10.0000 25.6205 29.9249 34.2074 36.0000 39.6142 43.9706 18.0623 34.3311
29.2354 61.8652 37.2947 38.4605 40.3645 42.2025 42.2490 44.9285 46.1386 48.0789 49.5601 36.9258 31.5870 26.7631 36.1725 26.2788 36.0192 26.0312 36.0768 62.5547 47.6962 36.4764 29.6469 22.0416 39.8329 19.2195 40.4138 39.1548 46.4005 18.0623 19.2195 39.1548 48.0526 30.2485 51.2311 41.3050 25.6205 10.0000 27.4642 35.9615 30.0000 29.9249 45.4683 21.7047 46.4966
42.2025 66.0089 25.5563 29.4165 30.6155 34.6982 29.4165 36.4008 34.8395 36.4008 39.6985 39.8329 35.2389 32.8473 36.8701 31.0238 35.4951 29.2354 33.6008 66.0803 38.3196 38.3196 34.1868 17.2111 47.1080 19.0554 25.2315 21.7047 46.4966 34.7386 31.2603 50.7063 57.1275 14.1231 34.8395 31.0950 29.9249 27.4642 10.0000 19.0000 47.2156 47.3363 28.0278 22.0830 54.1475
48.2099 66.5685 21.1803 26.1245 26.4924 31.3776 23.0384 32.1359 28.8680 30.0000 34.1868 47.2156 43.1059 41.3209 43.8378 39.4109 42.2025 37.5136 39.8329 66.3205 33.2594 45.5106 42.3110 24.3178 50.2492 28.0278 24.3178 14.4721 46.1248 43.5410 38.0179 55.6070 60.5371 18.9443 30.2485 33.7065 34.2074 35.9615 19.0000 10.0000 55.1885 55.8803 20.0000 27.8045 57.0106
24.7648 59.5782 53.7379 53.1045 55.0999 55.0444 58.6621 58.0416 61.0882 63.0848 63.0377 49.0512 44.7851 40.0832 50.1622 40.8707 50.8534 41.7648 52.0476 60.9313 61.0392 49.5601 42.8938 40.8707 38.6007 39.2062 60.3289 58.7647 51.6293 25.2643 28.2483 31.4009 41.6228 50.2244 71.2209 60.0000 36.0000 30.0000 47.2156 55.1885 10.0000 16.7082 65.0091 38.1603 42.5576
30.6155 66.0803 56.0435 56.0977 58.0937 58.6621 61.0392 61.6236 64.0833 66.0803 66.5685 44.1760 40.4138 36.0768 45.7771 37.2029 46.7151 38.4253 48.2753 67.3847 64.5894 44.9285 38.6531 41.7805 44.7131 38.6356 59.0918 59.0408 57.0106 23.0384 31.2132 38.0179 48.2753 49.8121 70.2080 57.3814 39.6142 29.9249 47.3363 55.8803 16.7082 10.0000 65.3624 40.0666 49.0512
58.1664 74.0312 28.0278 32.8035 32.3607 37.2947 27.0294 37.0185 32.0907 32.3607 37.2947 52.0595 48.8330 48.1182 48.2753 46.1248 46.4005 44.1321 43.6155 73.5610 37.0740 50.1622 48.4708 34.1868 59.3964 36.9258 23.6015 16.3246 53.4166 52.7200 48.0132 65.3173 69.6825 26.1245 23.0384 34.2074 43.9706 45.4683 28.0278 20.0000 65.0091 65.3624 10.0000 37.8029 65.9464
30.5183 55.3982 26.0000 26.7631 28.6815 30.5913 31.0000 33.2594 34.5153 36.4764 37.8568 44.9857 39.6816 35.6125 43.1059 34.4131 42.3110 33.3238 41.3209 55.7056 36.0000 44.0000 38.0179 15.0990 35.3180 20.7703 37.3130 31.9317 37.3130 29.6469 20.2956 38.6531 45.1710 26.1555 46.6197 42.1403 18.0623 21.7047 22.0830 27.8045 38.1603 40.0666 37.8029 10.0000 42.3883
29.2354 27.0294 48.2753 44.2053 45.4683 41.8277 51.2311 44.0588 49.6232 51.1096 48.0132 73.3482 68.0517 63.1507 72.6498 62.7731 72.3939 62.4690 72.1289 28.3848 46.4005 72.9682 66.0892 47.4833 17.0711 52.0119 69.2030 61.4782 27.4642 49.5601 37.2947 21.4018 14.4721 58.2701 77.2309 74.4981 34.3311 46.4966 54.1475 57.0106 42.5576 49.0512 65.9464 42.3883 10.0000
0         960      
425       913      
213       648      
404       753      
33        511      
46        519      
395       911      
35        697      
39        528      
94        535      
394       909      
218       571      
85        542      
391       802      
45        517      
229       640      
45        523      
389       914      
386       904      
315       782      
38        606      
396       904      
341       658      
25        516      
420       897      
227       686      
401       902      
42        706      
401       923      
20        498      
11        530      
436       907      
330       930      
430       913      
63        520      
390       900      
14        506      
19        566      
212       605      
272       565      
14        581      
20        539      
426       787      
149       586      
356       930      
# Sum of service times: 440
