20
0.0000 38.0789 39.3573 36.0555 33.3017 35.3553 39.0512 43.0116 36.0555 33.5410 35.3412 37.2022 14.1421 15.8114 10.0000 27.4591 39.2938 32.5576 38.4708 17.8885
48.0789 10.0000 13.0000 17.0711 22.2066 24.1421 21.1803 50.0000 45.3553 40.4138 40.1496 18.6023 35.4951 38.2843 39.1548 52.9418 43.9706 43.6155 35.4951 37.0185
49.3573 13.0000 10.0000 15.3852 20.7703 22.2066 18.6023 53.0000 48.3275 43.3766 43.1361 16.4031 36.2488 40.4795 40.8058 55.6180 42.0156 42.2025 33.3452 37.0740
46.0555 17.0711 15.3852 10.0000 15.3852 17.0711 15.0000 55.2769 50.0000 45.0000 45.0571 12.0000 32.3607 39.1548 38.2843 55.5412 36.9072 36.8328 28.4391 32.3607
43.3017 22.2066 20.7703 15.3852 10.0000 13.0000 15.8310 58.0521 52.2966 47.3363 47.6563 15.0000 29.2094 38.7924 36.6271 56.0977 31.9317 31.4709 23.8924 28.0278
45.3553 24.1421 22.2066 17.0711 13.0000 10.0000 15.0000 60.9902 55.2769 50.3113 50.6079 15.8310 31.2132 41.6228 39.1548 59.0306 29.8494 30.2485 21.4018 29.2354
49.0512 21.1803 18.6023 15.0000 15.8310 15.0000 10.0000 60.2494 55.0000 50.0000 50.0500 13.0000 35.0000 43.5410 42.0156 60.2892 33.8537 35.0000 25.0000 33.7697
53.0116 50.0000 53.0000 55.2769 58.0521 60.9902 60.2494 10.0000 17.0711 21.1803 20.4403 57.2652 53.0116 38.2843 45.3553 30.0998 77.7791 73.9531 71.4003 59.0918
46.0555 45.3553 48.3275 50.0000 52.2966 55.2769 55.0000 17.0711 10.0000 15.0000 15.3852 52.0000 46.0555 31.2132 38.2843 25.2971 71.3514 67.2713 65.3173 52.1900
43.5410 40.4138 43.3766 45.0000 47.3363 50.3113 50.0000 21.1803 15.0000 10.0000 12.0000 47.0000 42.0156 28.0278 35.0000 27.0000 66.6480 62.7731 60.4480 48.0132
45.3412 40.1496 43.1361 45.0571 47.6563 50.6079 50.0500 20.4403 15.3852 12.0000 10.0000 47.0540 43.3017 29.7231 36.6271 28.7883 67.3847 63.7122 60.9608 49.2046
47.2022 18.6023 16.4031 12.0000 15.0000 15.8310 13.0000 57.2652 52.0000 47.0000 47.0540 10.0000 33.3238 40.8869 39.7321 57.4342 35.6125 36.0000 26.9706 32.8035
24.1421 35.4951 36.2488 32.3607 29.2094 31.2132 35.0000 53.0116 46.0555 42.0156 43.3017 33.3238 10.0000 25.8114 20.0000 43.3766 38.0000 32.3607 35.2982 16.3246
25.8114 38.2843 40.4795 39.1548 38.7924 41.6228 43.5410 38.2843 31.2132 28.0278 29.7231 40.8869 25.8114 10.0000 17.0711 28.0000 53.2897 48.0789 49.1152 32.1359
20.0000 39.1548 40.8058 38.2843 36.6271 39.1548 42.0156 45.3553 38.2843 35.0000 36.6271 39.7321 20.0000 17.0711 10.0000 33.5372 48.0000 42.2490 44.9285 26.1245
37.4591 52.9418 55.6180 55.5412 56.0977 59.0306 60.2892 30.0998 25.2971 27.0000 28.7883 57.4342 43.3766 28.0000 33.5372 10.0000 71.2046 65.7315 67.0789 49.6232
49.2938 43.9706 42.0156 36.9072 31.9317 29.8494 33.8537 77.7791 71.3514 66.6480 67.3847 35.6125 38.0000 53.2897 48.0000 71.2046 10.0000 17.2111 18.9443 32.0907
42.5576 43.6155 42.2025 36.8328 31.4709 30.2485 35.0000 73.9531 67.2713 62.7731 63.7122 36.0000 32.3607 48.0789 42.2490 65.7315 17.2111 10.0000 22.1655 26.1245
48.4708 35.4951 33.3452 28.4391 23.8924 21.4018 25.0000 71.4003 65.3173 60.4480 60.9608 26.9706 35.2982 49.1152 44.9285 67.0789 18.9443 22.1655 10.0000 30.5913
27.8885 37.0185 37.0740 32.3607 28.0278 29.2354 33.7697 59.0918 52.1900 48.0132 49.2046 32.8035 16.3246 32.1359 26.1245 49.6232 32.0907 26.1245 30.5913 10.0000
0         960      
673       793      
471       591      
644       764      
388       508      
300       420      
367       487      
43        163      
64        184      
33        153      
217       337      
489       609      
599       719      
258       378      
612       732      
60        180      
286       406      
365       485      
352       472      
260       380      
# Sum of service times: 190
