36
0.0000 30.8058 40.3113 35.0571 35.0571 45.2769 58.5235 51.0784 47.4342 43.0116 37.2022 36.0555 40.3113 30.8058 33.5410 35.3412 37.7359 45.0444 35.3412 18.0278 47.1699 15.8114 13.0384 25.2982 25.4951 27.4591 36.0555 49.9800 7.6158 12.0416 27.0185 52.4786 4.2426 12.0416 17.1172 20.5183
40.8058 10.0000 20.1980 73.2456 72.0967 81.1969 95.7555 89.0569 84.6257 54.1475 50.3113 48.3275 49.2938 46.0000 43.3766 43.7343 17.2801 82.8011 74.0312 58.8262 75.3758 35.0799 52.4853 63.4135 57.4236 52.2019 65.0364 82.0069 47.5366 41.9061 67.8014 93.2166 41.7648 52.6380 54.2041 50.1995
50.3113 20.1980 10.0000 83.3757 82.2772 91.3941 103.0054 96.6833 92.0061 55.0000 52.2966 50.3113 50.0000 49.2938 45.3553 45.1283 13.0000 92.9699 82.1388 68.3095 85.1665 42.0156 62.3927 71.5224 64.0833 57.4236 75.0000 92.0549 56.6154 49.6232 77.1193 102.7847 51.6293 61.8652 62.3259 60.3587
45.0571 73.2456 83.3757 10.0000 14.0000 22.2066 65.0818 57.4342 57.4236 83.6817 78.0074 77.4463 82.2772 72.0967 76.2873 78.2495 80.5195 20.0000 46.0555 31.5407 37.4591 60.0899 32.0227 44.8281 56.1411 64.2310 32.5610 32.4722 42.3883 53.5660 30.5183 36.9258 42.3883 37.8927 46.2491 35.6125
45.0571 72.0967 82.2772 14.0000 10.0000 20.4403 68.9406 61.2445 61.0784 85.0267 79.2892 78.6222 83.3757 73.2456 77.1863 79.1231 79.3758 20.7703 49.4462 33.3238 33.5372 60.4876 32.2036 47.4833 58.2597 65.9017 28.6815 29.2094 43.2415 54.3847 33.6008 40.6757 42.0156 39.1548 48.0789 33.3238
55.2769 81.1969 91.3941 22.2066 20.4403 10.0000 75.0000 67.6975 68.3095 95.4400 89.7120 89.0569 93.8153 83.6817 87.6209 89.5550 88.4474 17.0000 57.6340 43.5410 30.6155 70.8276 42.5576 57.0106 68.3095 76.2118 31.2132 22.1655 53.6807 64.8179 42.5576 42.0000 52.0476 49.5601 58.3011 41.3209
68.5235 95.7555 103.0054 65.0818 68.9406 75.0000 10.0000 18.0000 21.1803 72.6498 69.9083 71.0328 75.1920 68.2580 74.0312 75.6049 101.2634 68.6003 33.5372 55.2769 92.4621 71.0328 64.4518 43.2415 49.0512 57.4236 85.6637 86.8960 60.9215 63.8516 48.0132 47.5366 70.4401 57.5395 52.0476 79.1809
61.0784 89.0569 96.6833 57.4342 61.2445 67.6975 18.0000 10.0000 15.3852 69.2368 65.9017 66.8243 71.2699 63.5350 69.3633 71.0574 94.8116 61.4782 25.8114 47.3363 84.7262 64.6717 56.5296 35.9422 43.3017 52.4382 77.7422 79.4622 53.4626 57.2017 40.0167 42.0156 62.8110 49.8497 44.9857 71.2046
57.4342 84.6257 92.0061 57.4236 61.0784 68.3095 21.1803 15.3852 10.0000 63.8516 60.5371 61.4782 65.9017 58.2597 64.0833 65.7584 90.2122 62.4309 23.0000 45.0000 84.3303 60.0000 54.0454 32.1359 38.2843 47.2022 76.7083 79.7711 49.8497 52.7200 38.6356 44.9857 59.4773 46.6742 40.8707 69.0000
53.0116 54.1475 55.0000 83.6817 85.0267 95.4400 72.6498 69.2368 63.8516 10.0000 15.8310 17.0711 15.0000 22.2066 21.1803 20.4403 55.0999 93.2406 60.4876 62.2015 100.1388 38.2843 63.6656 53.0116 40.0000 30.0998 89.0569 102.1303 52.0476 41.3847 66.5685 90.0250 57.2017 55.8803 47.8550 73.4114
47.2022 50.3113 52.2966 78.0074 79.2892 89.7120 69.9083 65.9017 60.5371 15.8310 10.0000 12.0000 15.3852 16.4031 17.0000 17.2801 52.0476 87.6209 56.0977 56.5725 94.3149 32.6716 57.8539 48.0526 35.1794 25.0333 83.2393 96.3134 46.2491 35.5539 61.2445 85.1665 51.4005 50.1622 42.3883 67.6281
46.0555 48.3275 50.3113 77.4463 78.6222 89.0569 71.0328 66.8243 61.4782 17.0711 12.0000 10.0000 15.0000 15.3852 15.0000 15.3852 50.0500 87.1298 56.5725 56.0977 93.2166 31.2132 57.0106 48.2099 35.4951 25.2971 82.1110 95.4283 45.4683 34.5967 61.0882 85.3260 50.2244 49.5601 42.1403 66.4004
50.3113 49.2938 50.0000 82.2772 83.3757 93.8153 75.1920 71.2699 65.9017 15.0000 15.3852 15.0000 10.0000 20.1980 17.0711 15.8310 50.1123 92.0000 61.4198 60.9902 97.4643 35.0000 61.6236 53.1856 40.4138 30.2237 86.3217 99.9611 50.1622 39.1548 66.0803 90.3057 54.4185 54.3847 47.1214 70.4649
40.8058 46.0000 49.2938 72.0967 73.2456 83.6817 68.2580 63.5350 58.2597 22.2066 16.4031 15.3852 20.1980 10.0000 15.8310 17.6158 48.6394 81.8053 52.3792 50.7922 87.9359 26.4012 51.6293 43.5410 31.1896 21.1803 76.8506 90.0562 40.0832 29.2354 56.0109 80.5762 45.0000 44.2053 37.0185 61.2250
43.5410 43.3766 45.3553 76.2873 77.1863 87.6209 74.0312 69.3633 64.0833 21.1803 17.0000 15.0000 17.0711 15.8310 10.0000 12.0000 45.0571 86.1183 58.1041 55.2769 90.6226 28.0278 55.2217 49.0512 36.9258 27.0000 79.4622 93.3847 43.9559 32.8035 61.0392 85.9539 47.5899 48.4708 42.0624 63.5350
45.3412 43.7343 45.1283 78.2495 79.1231 89.5550 75.6049 71.0574 65.7584 20.4403 17.2801 15.3852 15.8310 17.6158 12.0000 10.0000 45.0000 88.0897 59.9800 57.2652 92.3650 29.7231 57.1275 51.0000 38.7924 28.7883 81.1969 95.2350 45.9026 34.7386 63.0377 87.9295 49.3573 50.4475 44.0588 65.2268
47.7359 17.2801 13.0000 80.5195 79.3758 88.4474 101.2634 94.8116 90.2122 55.0999 52.0476 50.0500 50.1123 48.6394 45.0571 45.0000 10.0000 90.0812 80.0928 65.7584 82.1734 40.2324 59.6588 69.4643 62.4786 56.2385 72.0000 89.0569 54.2041 47.6431 74.6375 100.2109 48.9102 59.4065 60.2494 57.3814
55.0444 82.8011 92.9699 20.0000 20.7703 17.0000 68.6003 61.4782 62.4309 93.2406 87.6209 87.1298 92.0000 81.8053 86.1183 88.0897 90.0812 10.0000 52.4264 41.0483 37.4591 70.0750 42.0156 53.0465 65.0364 73.5689 36.6271 29.1050 52.2966 63.4603 38.3019 35.0000 52.2966 47.6563 55.5412 44.0000
45.3412 74.0312 82.1388 46.0555 49.4462 57.6340 33.5372 25.8114 23.0000 60.4876 56.0977 56.5725 61.4198 52.3792 58.1041 59.9800 80.0928 52.4264 10.0000 32.0000 72.2415 50.3609 41.0644 20.6301 31.1896 41.3209 64.1202 68.5235 37.7308 42.5269 26.1555 40.4138 47.0000 34.0416 29.8494 56.0000
28.0278 58.8262 68.3095 31.5407 33.3238 43.5410 55.2769 47.3363 45.0000 62.2015 56.5725 56.0977 60.9902 50.7922 55.2769 57.2652 65.7584 41.0483 32.0000 10.0000 53.0116 40.4138 19.2195 25.6525 35.0000 42.6956 43.5410 51.8688 22.3693 33.0217 19.2195 44.4819 27.6918 17.0711 24.7648 34.0000
57.1699 75.3758 85.1665 37.4591 33.5372 30.6155 92.4621 84.7262 84.3303 100.1388 94.3149 93.2166 97.4643 87.9359 90.6226 92.3650 82.1734 37.4591 72.2415 53.0116 10.0000 72.6498 47.4833 68.5235 77.2681 83.0000 21.1803 20.6301 58.9183 68.8218 56.0977 62.2398 53.0465 56.6905 66.6392 37.3130
25.8114 35.0799 42.0156 60.0899 60.4876 70.8276 71.0328 64.6717 60.0000 38.2843 32.6716 31.2132 35.0000 26.4012 28.0278 29.7231 40.2324 70.0750 50.3609 40.4138 72.6498 10.0000 38.2843 39.8329 32.3607 28.0000 61.4782 75.7875 28.1108 18.0623 47.9473 73.9062 29.6977 33.3452 30.8087 45.5106
23.0384 52.4853 62.3927 32.0227 32.2036 42.5576 64.4518 56.5296 54.0454 63.6656 57.8539 57.0106 61.6236 51.6293 55.2217 57.1275 59.6588 42.0156 41.0644 19.2195 47.4833 38.2843 10.0000 33.5372 40.0000 45.6090 37.0185 48.4708 21.6619 32.4722 27.8885 51.2311 20.7703 19.4340 29.4165 25.1327
35.2982 63.4135 71.5224 44.8281 47.4833 57.0106 43.2415 35.9422 32.1359 53.0116 48.0526 48.2099 53.1856 43.5410 49.0512 51.0000 69.4643 53.0465 20.6301 25.6525 68.5235 39.8329 33.5372 10.0000 23.0384 33.0217 59.1935 66.5862 27.7200 31.9317 24.7648 47.1214 37.4591 25.0000 19.2195 48.6394
35.4951 57.4236 64.0833 56.1411 58.2597 68.3095 49.0512 43.3017 38.2843 40.0000 35.1794 35.4951 40.4138 31.1896 36.9258 38.7924 62.4786 65.0364 31.1896 35.0000 77.2681 32.3607 40.0000 23.0384 10.0000 20.1980 67.0088 76.8431 29.6977 26.2788 37.2029 60.0400 39.1204 30.6155 20.6301 53.8292
37.4591 52.2019 57.4236 64.2310 65.9017 76.2118 57.4236 52.4382 47.2022 30.0998 25.0333 25.2971 30.2237 21.1803 27.0000 28.7883 56.2385 73.5689 41.3209 42.6956 83.0000 28.0000 45.6090 33.0217 20.1980 10.0000 72.2415 83.7835 34.0832 25.6525 46.4966 70.1332 41.6228 36.9258 28.0278 57.6340
46.0555 65.0364 75.0000 32.5610 28.6815 31.2132 85.6637 77.7422 76.7083 89.0569 83.2393 82.1110 86.3217 76.8506 79.4622 81.1969 72.0000 36.6271 64.1202 43.5410 21.1803 61.4782 37.0185 59.1935 67.0088 72.2415 10.0000 27.2627 48.1838 57.8017 48.0789 59.3356 41.9061 46.4005 56.4004 26.1555
59.9800 82.0069 92.0549 32.4722 29.2094 22.1655 86.8960 79.4622 79.7711 102.1303 96.3134 95.4283 99.9611 90.0562 93.3847 95.2350 89.0569 29.1050 68.5235 51.8688 20.6301 75.7875 48.4708 66.5862 76.8431 83.7835 27.2627 10.0000 60.1199 70.8358 52.8019 54.0454 56.1736 56.8722 66.4004 42.1403
17.6158 47.5366 56.6154 42.3883 43.2415 53.6807 60.9215 53.4626 49.8497 52.0476 46.2491 45.4683 50.1622 40.0832 43.9559 45.9026 54.2041 52.2966 37.7308 22.3693 58.9183 28.1108 21.6619 27.7200 29.6977 34.0832 48.1838 60.1199 10.0000 21.1803 30.5913 56.5188 20.0000 15.3852 20.0499 34.1868
22.0416 41.9061 49.6232 53.5660 54.3847 64.8179 63.8516 57.2017 52.7200 41.3847 35.5539 34.5967 39.1548 29.2354 32.8035 34.7386 47.6431 63.4603 42.5269 33.0217 68.8218 18.0623 32.4722 31.9317 26.2788 25.6525 57.8017 70.8358 21.1803 10.0000 40.0832 65.9732 26.2788 26.0000 22.8062 42.5269
37.0185 67.8014 77.1193 30.5183 33.6008 42.5576 48.0132 40.0167 38.6356 66.5685 61.2445 61.0882 66.0803 56.0109 61.0392 63.0377 74.6375 38.3019 26.1555 19.2195 56.0977 47.9473 27.8885 24.7648 37.2029 46.4966 48.0789 52.8019 30.5913 40.0832 10.0000 36.0000 36.9072 25.2643 29.0000 41.5753
62.4786 93.2166 102.7847 36.9258 40.6757 42.0000 47.5366 42.0156 44.9857 90.0250 85.1665 85.3260 90.3057 80.5762 85.9539 87.9295 100.2109 35.0000 40.4138 44.4819 62.2398 73.9062 51.2311 47.1214 60.0400 70.1332 59.3356 54.0454 56.5188 65.9732 36.0000 10.0000 61.6140 51.1461 54.1475 60.8035
14.2426 41.7648 51.6293 42.3883 42.0156 52.0476 70.4401 62.8110 59.4773 57.2017 51.4005 50.2244 54.4185 45.0000 47.5899 49.3573 48.9102 52.2966 47.0000 27.6918 53.0465 29.6977 20.7703 37.4591 39.1204 41.6228 41.9061 56.1736 20.0000 26.2788 36.9072 61.6140 10.0000 23.0000 30.0250 26.2788
22.0416 52.6380 61.8652 37.8927 39.1548 49.5601 57.5395 49.8497 46.6742 55.8803 50.1622 49.5601 54.3847 44.2053 48.4708 50.4475 59.4065 47.6563 34.0416 17.0711 56.6905 33.3452 19.4340 25.0000 30.6155 36.9258 46.4005 56.8722 15.3852 26.0000 25.2643 51.1461 23.0000 10.0000 20.0000 34.0416
27.1172 54.2041 62.3259 46.2491 48.0789 58.3011 52.0476 44.9857 40.8707 47.8550 42.3883 42.1403 47.1214 37.0185 42.0624 44.0588 60.2494 55.5412 29.8494 24.7648 66.6392 30.8087 29.4165 19.2195 20.6301 28.0278 56.4004 66.4004 20.0499 22.8062 29.0000 54.1475 30.0250 20.0000 10.0000 43.6155
30.5183 50.1995 60.3587 35.6125 33.3238 41.3209 79.1809 71.2046 69.0000 73.4114 67.6281 66.4004 70.4649 61.2250 63.5350 65.2268 57.3814 44.0000 56.0000 34.0000 37.3130 45.5106 25.1327 48.6394 53.8292 57.6340 26.1555 42.1403 34.1868 42.5269 41.5753 60.8035 26.2788 34.0416 43.6155 10.0000
0         960      
92        332      
40        280      
477       717      
621       861      
664       904      
469       709      
561       801      
427       667      
43        283      
218       458      
36        276      
269       509      
316       556      
33        273      
157       397      
37        277      
664       904      
447       687      
497       737      
662       902      
198       438      
506       746      
208       448      
181       421      
27        267      
585       825      
660       900      
702       942      
295       535      
335       575      
653       893      
299       539      
659       899      
332       572      
248       488      
# Sum of service times: 350
