30
0.0000 38.0789 30.8058 39.3573 40.3113 33.3017 35.3553 39.0512 44.2041 43.0116 40.6079 37.2022 36.0555 40.3113 30.8058 33.5410 38.0789 35.3412 37.7359 20.0000 18.0278 9.2195 27.4591 39.2938 32.5576 38.4708 17.8885 21.0950 15.5242 14.1421
48.0789 10.0000 20.4403 13.0000 15.0000 22.2066 24.1421 21.1803 52.0000 50.0000 50.1123 47.3363 45.3553 45.0000 44.4819 40.4138 40.0000 40.1496 15.8310 45.3553 49.0512 43.5410 52.9418 43.9706 43.6155 35.4951 37.0185 58.8365 53.1393 43.0151
40.8058 20.4403 10.0000 20.0000 20.1980 14.0000 17.0000 18.6023 56.0977 54.1475 53.5660 50.3113 48.3275 49.2938 46.0000 43.3766 44.4819 43.7343 17.2801 35.0799 46.2491 34.6982 52.2019 35.0000 33.6008 27.4642 27.1172 55.2769 49.1152 33.3452
49.3573 13.0000 20.0000 10.0000 12.0000 20.7703 22.2066 18.6023 55.0000 53.0000 53.1045 50.3113 48.3275 48.0000 47.3631 43.3766 43.0000 43.1361 13.6056 45.0571 51.4005 44.2053 55.6180 42.0156 42.2025 33.3452 37.0740 61.0882 55.2769 43.2415
50.3113 15.0000 20.1980 12.0000 10.0000 20.1980 21.1803 17.0711 57.0000 55.0000 55.0999 52.2966 50.3113 50.0000 49.2938 45.3553 45.0000 45.1283 13.0000 45.0000 53.0116 44.7851 57.4236 40.8058 41.3847 32.0227 37.2947 62.6308 56.7547 43.5410
43.3017 22.2066 14.0000 20.7703 20.1980 10.0000 13.0000 15.8310 60.0100 58.0521 57.5184 54.2832 52.2966 53.1741 50.0000 47.3363 48.3275 47.6563 17.2801 35.0799 49.9249 36.4197 56.0977 31.9317 31.4709 23.8924 28.0278 58.7647 52.5441 34.3516
45.3553 24.1421 17.0000 22.2066 21.1803 13.0000 10.0000 15.0000 62.9528 60.9902 60.4876 57.2652 55.2769 56.0977 53.0000 50.3113 51.2311 50.6079 18.6023 35.4951 52.7200 38.0179 59.0306 29.8494 30.2485 21.4018 29.2354 61.4296 55.1774 35.4951
49.0512 21.1803 18.6023 18.6023 17.0711 15.8310 15.0000 10.0000 62.2398 60.2494 60.0400 57.0000 55.0000 55.2769 53.2897 50.0000 50.3113 50.0500 15.3852 40.4138 54.7214 42.2490 60.2892 33.8537 35.0000 25.0000 33.7697 63.8516 57.7074 40.0832
54.2041 52.0000 56.0977 55.0000 57.0000 60.0100 62.9528 62.2398 10.0000 12.0000 13.6056 17.0711 18.6023 17.0000 23.4536 23.0000 22.0000 22.3693 57.0956 68.6003 37.7308 58.8365 30.3961 79.6419 75.7419 73.3246 60.7740 43.5410 43.2415 62.6308
53.0116 50.0000 54.1475 53.0000 55.0000 58.0521 60.9902 60.2494 12.0000 10.0000 13.0000 15.8310 17.0711 15.0000 22.2066 21.1803 20.0000 20.4403 55.0999 67.0088 36.9258 57.3814 30.0998 77.7791 73.9531 71.4003 59.0918 43.2415 42.5730 61.0882
50.6079 50.1123 53.5660 53.1045 55.0999 57.5184 60.4876 60.0400 13.6056 13.0000 10.0000 13.6056 15.3852 15.8310 19.8995 20.1980 20.4403 20.0000 55.0000 65.2178 34.1661 55.3431 27.1172 76.7308 72.6498 70.6383 57.5079 40.2655 39.7321 59.2037
47.2022 47.3363 50.3113 50.3113 52.2966 54.2832 57.2652 57.0000 17.0711 15.8310 13.6056 10.0000 12.0000 15.3852 16.4031 17.0000 18.6023 17.2801 52.0476 61.6140 31.1896 51.7732 25.0333 73.2456 69.0931 67.2713 53.9090 38.0179 36.9258 55.6070
46.0555 45.3553 48.3275 48.3275 50.3113 52.2966 55.2769 55.0000 18.6023 17.0711 15.3852 12.0000 10.0000 15.0000 15.3852 15.0000 17.0711 15.3852 50.0500 60.0000 30.6155 50.3113 25.2971 71.3514 67.2713 65.3173 52.1900 38.0179 36.4764 54.0454
50.3113 45.0000 49.2938 48.0000 50.0000 53.1741 56.0977 55.2769 17.0000 15.0000 15.8310 15.3852 15.0000 10.0000 20.1980 17.0711 15.0000 15.8310 50.1123 63.1507 35.4951 53.9318 30.2237 73.1585 69.5399 66.6127 55.0000 43.0151 41.4006 57.3814
40.8058 44.4819 46.0000 47.3631 49.2938 50.0000 53.0000 53.2897 23.4536 22.2066 19.8995 16.4031 15.3852 20.1980 10.0000 15.8310 20.4403 17.6158 48.6394 55.4863 25.2971 45.4683 21.1803 67.9741 63.4883 62.4690 48.0132 33.1948 31.2132 49.4081
43.5410 40.4138 43.3766 43.3766 45.3553 47.3363 50.3113 50.0000 23.0000 21.1803 20.1980 17.0000 15.0000 17.0711 15.8310 10.0000 15.0000 12.0000 45.0571 56.0977 30.0000 46.8782 27.0000 66.6480 62.7731 60.4480 48.0132 38.6356 36.0000 50.3113
48.0789 40.0000 44.4819 43.0000 45.0000 48.3275 51.2311 50.3113 22.0000 20.0000 20.4403 18.6023 17.0711 15.0000 20.4403 15.0000 10.0000 13.0000 45.1283 59.4975 35.0000 50.8044 31.5407 68.6003 65.2268 61.8652 51.1096 43.5410 41.0000 53.9318
45.3412 40.1496 43.7343 43.1361 45.1283 47.6563 50.6079 50.0500 22.3693 20.4403 20.0000 17.2801 15.3852 15.8310 17.6158 12.0000 13.0000 10.0000 45.0000 57.4236 32.0000 48.4187 28.7883 67.3847 63.7122 60.9608 49.2046 40.5941 38.0000 51.7253
47.7359 15.8310 17.2801 13.6056 13.0000 17.2801 18.6023 15.3852 57.0956 55.0999 55.0000 52.0476 50.0500 50.1123 48.6394 45.0571 45.1283 45.0000 10.0000 42.0000 51.3401 41.9531 56.2385 38.4253 38.6356 29.7990 34.3311 60.8035 54.8219 40.5941
30.0000 45.3553 35.0799 45.0571 45.0000 35.0799 35.4951 40.4138 68.6003 67.0088 65.2178 61.6140 60.0000 63.1507 55.4863 56.0977 59.4975 57.4236 42.0000 10.0000 46.4005 21.1803 55.5412 30.5913 23.4164 32.8035 18.9443 51.0488 45.2278 16.3246
28.0278 49.0512 46.2491 51.4005 53.0116 49.9249 52.7200 54.7214 37.7308 36.9258 34.1661 31.1896 30.6155 35.4951 25.2971 30.0000 35.0000 32.0000 51.3401 46.4005 10.0000 35.2982 19.4340 63.0000 57.1699 59.6488 41.0644 20.0000 16.0000 40.0832
19.2195 43.5410 34.6982 44.2053 44.7851 36.4197 38.0179 42.2490 58.8365 57.3814 55.3431 51.7732 50.3113 53.9318 45.4683 46.8782 50.8044 48.4187 41.9531 21.1803 35.2982 10.0000 44.5398 40.0832 33.3452 39.6816 19.2195 40.0000 34.0832 15.0000
37.4591 52.9418 52.2019 55.6180 57.4236 56.0977 59.0306 60.2892 30.3961 30.0998 27.1172 25.0333 25.2971 30.2237 21.1803 27.0000 31.5407 28.7883 56.2385 55.5412 19.4340 44.5398 10.0000 71.2046 65.7315 67.0789 49.6232 23.1529 23.6015 49.2173
49.2938 43.9706 35.0000 42.0156 40.8058 31.9317 29.8494 33.8537 79.6419 77.7791 76.7308 73.2456 71.3514 73.1585 67.9741 66.6480 68.6003 67.3847 38.4253 30.5913 63.0000 40.0832 71.2046 10.0000 17.2111 18.9443 32.0907 69.5399 63.3385 35.2982
42.5576 43.6155 33.6008 42.2025 41.3847 31.4709 30.2485 35.0000 75.7419 73.9531 72.6498 69.0931 67.2713 69.5399 63.4883 62.7731 65.2268 63.7122 38.6356 23.4164 57.1699 33.3452 65.7315 17.2111 10.0000 22.1655 26.1245 63.1507 57.0425 28.4391
48.4708 35.4951 27.4642 33.3452 32.0227 23.8924 21.4018 25.0000 73.3246 71.4003 70.6383 67.2713 65.3173 66.6127 62.4690 60.4480 61.8652 60.9608 29.7990 32.8035 59.6488 39.6816 67.0789 18.9443 22.1655 10.0000 30.5913 67.2800 60.9608 35.6125
27.8885 37.0185 27.1172 37.0740 37.2947 28.0278 29.2354 33.7697 60.7740 59.0918 57.5079 53.9090 52.1900 55.0000 48.0132 48.0132 51.1096 49.2046 34.3311 18.9443 41.0644 19.2195 49.6232 32.0907 26.1245 30.5913 10.0000 47.4833 41.2570 16.3246
31.0950 58.8365 55.2769 61.0882 62.6308 58.7647 61.4296 63.8516 43.5410 43.2415 40.2655 38.0179 38.0179 43.0151 33.1948 38.6356 43.5410 40.5941 60.8035 51.0488 20.0000 40.0000 23.1529 69.5399 63.1507 67.2800 47.4833 10.0000 16.3246 45.0000
25.5242 53.1393 49.1152 55.2769 56.7547 52.5441 55.1774 57.7074 43.2415 42.5730 39.7321 36.9258 36.4764 41.4006 31.2132 36.0000 41.0000 38.0000 54.8219 45.2278 16.0000 34.0832 23.6015 63.3385 57.0425 60.9608 41.2570 16.3246 10.0000 39.0689
24.1421 43.0151 33.3452 43.2415 43.5410 34.3516 35.4951 40.0832 62.6308 61.0882 59.2037 55.6070 54.0454 57.3814 49.4081 50.3113 53.9318 51.7253 40.5941 16.3246 40.0832 15.0000 49.2173 35.2982 28.4391 35.6125 16.3246 45.0000 39.0689 10.0000
0         960      
388       911      
30        546      
353       708      
40        630      
228       667      
161       558      
229       624      
410       905      
43        617      
410       823      
114       561      
36        658      
191       586      
201       670      
33        568      
429       838      
49        504      
37        597      
239       630      
448       873      
9         510      
27        622      
135       556      
190       659      
215       608      
90        549      
373       928      
418       825      
14        499      
# Sum of service times: 290
