33
0.0000 38.0789 39.3573 36.0555 33.3017 35.3553 39.0512 33.5261 32.3883 35.3553 39.2938 41.2311 44.2041 40.6079 38.0789 37.2022 38.3275 25.0000 20.0000 18.0278 42.4264 11.1803 9.2195 39.2938 57.0088 32.5576 38.4708 14.7648 19.2354 17.8885 21.0950 15.5242 14.1421
48.0789 10.0000 13.0000 17.0711 22.2066 24.1421 21.1803 58.1041 53.4626 54.7214 60.5371 61.4782 52.0000 50.1123 40.0000 18.6023 56.1411 65.0000 45.3553 49.0512 76.7083 56.0977 43.5410 43.9706 92.4621 43.6155 35.4951 52.0476 65.3173 37.0185 58.8365 53.1393 43.0151
49.3573 13.0000 10.0000 15.3852 20.7703 22.2066 18.6023 57.1275 52.3792 53.4626 59.2443 60.0899 55.0000 53.1045 43.0000 16.4031 54.7214 65.0818 45.0571 51.4005 76.0984 56.8402 44.2053 42.0156 91.7863 42.2025 33.3452 52.2966 66.0446 37.0740 61.0882 55.2769 43.2415
46.0555 17.0711 15.3852 10.0000 15.3852 17.0711 15.0000 51.7612 47.0000 48.0789 53.8634 54.7214 57.2652 55.0444 45.3553 12.0000 49.3573 60.2494 40.0000 50.3113 70.8276 52.7200 40.0832 36.9072 86.4853 36.8328 28.4391 47.6563 61.8652 32.3607 59.6488 53.6005 38.6356
43.3017 22.2066 20.7703 15.3852 10.0000 13.0000 15.8310 46.4005 41.6228 42.6956 48.4838 49.3573 60.0100 57.5184 48.3275 15.0000 44.0000 55.5412 35.0799 49.9249 65.5788 48.9102 36.4197 31.9317 81.1969 31.4709 23.8924 43.2415 57.9270 28.0278 58.7647 52.5441 34.3516
45.3553 24.1421 22.2066 17.0711 13.0000 10.0000 15.0000 45.6931 40.8058 41.6228 47.3363 48.0789 62.9528 60.4876 51.2311 15.8310 42.6956 56.0977 35.4951 52.7200 65.2268 50.3113 38.0179 29.8494 80.7107 30.2485 21.4018 44.1760 59.1935 29.2354 61.4296 55.1774 35.4951
49.0512 21.1803 18.6023 15.0000 15.8310 15.0000 10.0000 50.6079 45.6931 46.4005 52.0595 52.7200 62.2398 60.0400 50.3113 13.0000 47.3363 60.9902 40.4138 54.7214 70.2080 54.7214 42.2490 33.8537 85.6637 35.0000 25.0000 48.8973 63.7122 33.7697 63.8516 57.7074 40.0832
43.5261 58.1041 57.1275 51.7612 46.4005 45.6931 50.6079 10.0000 15.0000 15.8310 16.0000 18.0000 84.2024 80.8025 75.0692 51.2311 17.8102 29.7231 25.6205 61.0784 30.0998 37.0000 35.9422 30.8806 45.1283 26.0000 38.0713 29.2354 40.3645 34.0832 64.3415 59.0408 31.6333
42.3883 53.4626 52.3792 47.0000 41.6228 40.8058 45.6931 15.0000 10.0000 13.0000 17.8102 19.4340 81.2811 77.9559 71.7171 46.4005 16.0000 32.6716 23.0000 59.3356 35.0799 37.4591 34.0416 26.1555 50.1123 21.0000 33.0868 29.1050 42.2025 30.6155 63.4603 57.8539 29.3132
45.3553 54.7214 53.4626 48.0789 42.6956 41.6228 46.4005 15.8310 13.0000 10.0000 15.8310 17.0711 83.7835 80.4911 74.0312 47.3363 13.0000 35.0000 25.8114 62.2015 35.4951 40.4138 36.9258 25.2971 50.0000 21.4018 33.0217 32.0907 44.9285 33.0217 66.4358 60.8035 32.1359
49.2938 60.5371 59.2443 53.8634 48.4838 47.3363 52.0595 16.0000 17.8102 15.8310 10.0000 12.0000 89.0569 85.7166 79.5270 53.0813 15.0000 35.0799 30.5913 66.6480 31.5407 43.0000 41.3847 30.0000 45.1283 27.0880 38.2843 35.1794 46.1386 38.4253 70.2080 64.8179 36.8328
51.2311 61.4782 60.0899 54.7214 49.3573 48.0789 52.7200 18.0000 19.4340 17.0711 12.0000 10.0000 90.7094 87.3886 81.0634 53.8634 15.3852 36.9258 32.3607 68.5235 32.3607 45.0000 43.2415 30.0998 45.3553 27.8885 38.6356 37.1662 48.0789 40.0000 72.1691 66.7539 38.6356
54.2041 52.0000 55.0000 57.2652 60.0100 62.9528 62.2398 84.2024 81.2811 83.7835 89.0569 90.7094 10.0000 13.6056 22.0000 59.2544 86.3217 79.2026 68.6003 37.7308 96.4523 65.2178 58.8365 79.6419 111.2126 75.7419 73.3246 68.0000 71.7738 60.7740 43.5410 43.2415 62.6308
50.6079 50.1123 53.1045 55.0444 57.5184 60.4876 60.0400 80.8025 77.9559 80.4911 85.7166 87.3886 13.6056 10.0000 20.4403 57.0425 83.0616 75.6049 65.2178 34.1661 92.8794 61.6140 55.3431 76.7308 107.6166 72.6498 70.6383 64.4518 68.1808 57.5079 40.2655 39.7321 59.2037
48.0789 40.0000 43.0000 45.3553 48.3275 51.2311 50.3113 75.0692 71.7171 74.0312 79.5270 81.0634 22.0000 20.4403 10.0000 47.3363 76.4003 72.6498 59.4975 35.0000 89.0569 59.2443 50.8044 68.6003 104.3398 65.2268 61.8652 60.4777 66.9210 51.1096 43.5410 41.0000 53.9318
47.2022 18.6023 16.4031 12.0000 15.0000 15.8310 13.0000 51.2311 46.4005 47.3363 53.0813 53.8634 59.2544 57.0425 47.3363 10.0000 48.4838 60.4876 40.0666 52.0595 70.5310 53.4626 40.8707 35.6125 86.1183 36.0000 26.9706 48.0789 62.5547 32.8035 61.3128 55.2217 39.1204
48.3275 56.1411 54.7214 49.3573 44.0000 42.6956 47.3363 17.8102 16.0000 13.0000 15.0000 15.3852 86.3217 83.0616 76.4003 48.4838 10.0000 37.4591 28.6815 65.0818 36.2488 43.3766 39.8329 25.0000 50.1123 22.5300 33.3452 35.0799 47.6962 35.5539 69.4138 63.7587 35.0000
35.0000 65.0000 65.0818 60.2494 55.5412 56.0977 60.9902 29.7231 32.6716 35.0000 35.0799 36.9258 79.2026 75.6049 72.6498 60.4876 37.4591 10.0000 30.6155 52.4264 28.0278 24.1421 32.8035 47.8021 42.0156 41.0644 52.4853 23.1529 22.0416 38.0179 52.1900 48.4187 32.0227
30.0000 45.3553 45.0571 40.0000 35.0799 35.4951 40.4138 25.6205 23.0000 25.8114 30.5913 32.3607 68.6003 65.2178 59.4975 40.0666 28.6815 30.6155 10.0000 46.4005 41.6228 28.0278 21.1803 30.5913 57.4342 23.4164 32.8035 19.8995 35.4951 18.9443 51.0488 45.2278 16.3246
28.0278 49.0512 51.4005 50.3113 49.9249 52.7200 54.7214 61.0784 59.3356 62.2015 66.6480 68.5235 37.7308 34.1661 35.0000 52.0595 65.0818 52.4264 46.4005 10.0000 70.2080 38.2843 35.2982 63.0000 84.3303 57.1699 59.6488 42.7567 44.1321 41.0644 20.0000 16.0000 40.0832
52.4264 76.7083 76.0984 70.8276 65.5788 65.2268 70.2080 30.0998 35.0799 35.4951 31.5407 32.3607 96.4523 92.8794 89.0569 70.5310 36.2488 28.0278 41.6228 70.2080 10.0000 42.0156 48.2753 50.7922 25.8114 46.0555 58.1664 38.6007 39.1548 50.4969 70.2080 66.4004 45.7771
21.1803 56.0977 56.8402 52.7200 48.9102 50.3113 54.7214 37.0000 37.4591 40.4138 43.0000 45.0000 65.2178 61.6140 59.2443 53.4626 43.3766 24.1421 28.0278 38.2843 42.0156 10.0000 22.6491 48.5876 56.0977 41.3847 50.3113 18.5440 19.2195 31.0950 38.6356 34.4131 25.0000
19.2195 43.5410 44.2053 40.0832 36.4197 38.0179 42.2490 35.9422 34.0416 36.9258 41.3847 43.2415 58.8365 55.3431 50.8044 40.8707 39.8329 32.8035 21.1803 35.2982 48.2753 22.6491 10.0000 40.0832 63.7122 33.3452 39.6816 19.8489 31.8403 19.2195 40.0000 34.0832 15.0000
49.2938 43.9706 42.0156 36.9072 31.9317 29.8494 33.8537 30.8806 26.1555 25.2971 30.0000 30.0998 79.6419 76.7308 68.6003 35.6125 25.0000 47.8021 30.5913 63.0000 50.7922 48.5876 40.0832 10.0000 65.0818 17.2111 18.9443 40.2324 55.4533 32.0907 69.5399 63.3385 35.2982
67.0088 92.4621 91.7863 86.4853 81.1969 80.7107 85.6637 45.1283 50.1123 50.0000 45.1283 45.3553 111.2126 107.6166 104.3398 86.1183 50.1123 42.0156 57.4342 84.3303 25.8114 56.0977 63.7122 65.0818 10.0000 61.0882 73.0079 53.9090 51.2311 66.3028 83.1095 80.0071 61.4782
42.5576 43.6155 42.2025 36.8328 31.4709 30.2485 35.0000 26.0000 21.0000 21.4018 27.0880 27.8885 75.7419 72.6498 65.2268 36.0000 22.5300 41.0644 23.4164 57.1699 46.0555 41.3847 33.3452 17.2111 61.0882 10.0000 22.1655 33.0217 48.2884 26.1245 63.1507 57.0425 28.4391
48.4708 35.4951 33.3452 28.4391 23.8924 21.4018 25.0000 38.0713 33.0868 33.0217 38.2843 38.6356 73.3246 70.6383 61.8652 26.9706 33.3452 52.4853 32.8035 59.6488 58.1664 50.3113 39.6816 18.9443 73.0079 22.1655 10.0000 42.6497 58.2701 30.5913 67.2800 60.9608 35.6125
24.7648 52.0476 52.2966 47.6563 43.2415 44.1760 48.8973 29.2354 29.1050 32.0907 35.1794 37.1662 68.0000 64.4518 60.4777 48.0789 35.0799 23.1529 19.8995 42.7567 38.6007 18.5440 19.8489 40.2324 53.9090 33.0217 42.6497 10.0000 25.6205 25.2971 45.1710 40.0832 19.0554
29.2354 65.3173 66.0446 61.8652 57.9270 59.1935 63.7122 40.3645 42.2025 44.9285 46.1386 48.0789 71.7738 68.1808 66.9210 62.5547 47.6962 22.0416 35.4951 44.1321 39.1548 19.2195 31.8403 55.4533 51.2311 48.2884 58.2701 25.6205 10.0000 39.9666 41.8904 39.2062 33.7065
27.8885 37.0185 37.0740 32.3607 28.0278 29.2354 33.7697 34.0832 30.6155 33.0217 38.4253 40.0000 60.7740 57.5079 51.1096 32.8035 35.5539 38.0179 18.9443 41.0644 50.4969 31.0950 19.2195 32.0907 66.3028 26.1245 30.5913 25.2971 39.9666 10.0000 47.4833 41.2570 16.3246
31.0950 58.8365 61.0882 59.6488 58.7647 61.4296 63.8516 64.3415 63.4603 66.4358 70.2080 72.1691 43.5410 40.2655 43.5410 61.3128 69.4138 52.1900 51.0488 20.0000 70.2080 38.6356 40.0000 69.5399 83.1095 63.1507 67.2800 45.1710 41.8904 47.4833 10.0000 16.3246 45.0000
25.5242 53.1393 55.2769 53.6005 52.5441 55.1774 57.7074 59.0408 57.8539 60.8035 64.8179 66.7539 43.2415 39.7321 41.0000 55.2217 63.7587 48.4187 45.2278 16.0000 66.4004 34.4131 34.0832 63.3385 80.0071 57.0425 60.9608 40.0832 39.2062 41.2570 16.3246 10.0000 39.0689
24.1421 43.0151 43.2415 38.6356 34.3516 35.4951 40.0832 31.6333 29.3132 32.1359 36.8328 38.6356 62.6308 59.2037 53.9318 39.1204 35.0000 32.0227 16.3246 40.0832 45.7771 25.0000 15.0000 35.2982 61.4782 28.4391 35.6125 19.0554 33.7065 16.3246 45.0000 39.0689 10.0000
0         960      
613       853      
411       651      
584       824      
328       568      
240       480      
307       547      
135       375      
163       403      
35        275      
114       354      
195       435      
597       837      
497       737      
514       754      
429       669      
45        285      
115       355      
315       555      
541       781      
42        282      
11        251      
97        337      
226       466      
172       412      
305       545      
292       532      
92        332      
45        285      
200       440      
688       928      
502       742      
112       352      
# Sum of service times: 320
