34
0.0000 33.5410 31.6228 38.0789 40.3113 45.1774 40.0500 45.0000 35.0000 45.0444 57.0088 55.7136 52.2015 52.0000 50.2892 51.4782 38.0526 33.5410 14.1421 26.9258 26.9258 29.1548 39.0512 20.6155 10.0000 19.6469 42.9418 35.4683 32.2025 38.2099 14.7648 20.6155 48.1664 19.2354
43.5410 10.0000 15.0000 15.0000 24.1421 55.3431 50.6079 52.4264 46.0555 51.0366 95.0000 92.1523 90.0000 88.1601 88.0000 85.6637 49.4081 57.4342 42.0156 32.3607 35.4951 65.0000 67.0088 45.3553 49.0512 52.2019 65.0364 64.3415 25.5563 21.1803 53.7379 56.0435 28.0278 48.2753
41.6228 15.0000 10.0000 17.0711 21.1803 58.7955 53.8634 56.0977 49.0512 54.8219 95.1469 92.6075 90.1561 88.6384 88.1601 86.4853 52.5206 59.2443 38.2843 35.0000 30.6155 65.2268 68.5235 46.4005 46.0555 48.2884 67.3062 65.6597 29.4165 26.1245 53.1045 56.0977 32.8035 44.2053
48.0789 15.0000 17.0711 10.0000 21.1803 59.2037 54.6542 56.0977 50.3113 54.5982 100.0000 97.1436 95.0000 93.1505 93.0000 90.6226 53.5660 62.2015 45.3553 36.9258 36.9258 70.0000 71.8466 50.3113 53.0116 55.3431 69.6154 69.2284 29.4165 23.0384 58.6621 61.0392 27.0294 51.2311
50.3113 24.1421 21.1803 21.1803 10.0000 69.4643 64.6717 66.5685 60.0000 65.1725 105.5249 103.2148 100.5539 99.2693 98.5664 97.3212 63.4135 70.4152 43.5410 46.0555 31.2132 75.7647 79.6419 57.4342 52.7200 52.4382 78.4763 76.7308 39.6985 34.1868 63.0377 66.5685 37.2947 48.0132
55.1774 55.3431 58.7955 59.2037 69.4643 10.0000 15.3852 14.0000 20.7703 16.0000 69.1692 64.1202 64.9181 60.6063 63.2541 55.6180 17.2801 28.6011 66.7539 34.4131 72.1772 46.6197 35.8070 35.0200 65.1453 74.6297 27.4642 36.1725 39.8329 47.2156 49.0512 44.1760 52.0595 73.3482
50.0500 50.6079 53.8634 54.6542 64.6717 15.3852 10.0000 15.3852 15.3852 16.4031 68.6003 63.8516 64.1202 60.1597 62.3546 55.5412 12.0000 26.4012 61.4198 29.2094 66.8243 43.9706 35.0799 30.2237 60.0400 69.4138 28.1108 34.6982 35.2389 43.1059 44.7851 40.4138 48.8330 68.0517
55.0000 52.4264 56.0977 56.0977 66.5685 14.0000 15.3852 10.0000 20.0000 12.0000 72.6498 67.6975 68.3095 64.1202 66.6039 59.2443 17.2801 31.2132 65.9017 32.3607 70.4152 49.0512 39.1548 35.4951 65.0000 74.1950 31.1896 39.2062 36.8701 43.8378 50.1622 45.7771 48.2753 72.6498
45.0000 46.0555 49.0512 50.3113 60.0000 20.7703 15.3852 20.0000 10.0000 20.1980 68.5235 64.1202 63.8516 60.2892 62.0000 56.0977 13.6056 25.8114 56.0977 24.1421 61.4782 42.0156 35.4951 25.8114 55.0000 64.2310 30.2237 34.3516 31.0238 39.4109 40.8707 37.2029 46.1248 62.7731
55.0444 51.0366 54.8219 54.5982 65.1725 16.0000 16.4031 12.0000 20.1980 10.0000 74.4127 69.5063 70.0333 65.9017 68.3095 61.0784 18.0623 32.6716 65.5788 31.5407 69.6154 50.3609 40.8869 35.9615 65.0364 74.0703 33.0868 40.8058 35.4951 42.2025 50.8534 46.7151 46.4005 72.3939
67.0088 95.0000 95.1469 100.0000 105.5249 69.1692 68.6003 72.6498 68.5235 74.4127 10.0000 15.8310 15.0000 18.6023 17.0000 24.1421 67.7754 52.7200 79.6419 75.7647 93.8153 40.0000 43.5410 60.2494 70.4152 78.9638 51.8808 44.1760 84.8131 93.7257 52.7551 49.0512 102.5743 81.5542
65.7136 92.1523 92.6075 97.1436 103.2148 64.1202 63.8516 67.6975 64.1202 69.5063 15.8310 10.0000 15.3852 14.0000 16.4031 18.6023 63.1413 48.3275 78.8767 72.2013 92.6378 37.4591 38.7924 57.0000 70.0333 79.0652 46.7151 39.8329 81.2531 90.2247 51.1096 46.6742 98.8144 81.3442
62.2015 90.0000 90.1561 95.0000 100.5539 64.9181 64.1202 68.3095 63.8516 70.0333 15.0000 15.3852 10.0000 15.3852 12.0000 21.1803 63.2259 48.0789 75.0000 70.8276 89.0569 35.0000 39.1548 55.2769 65.9017 74.6607 47.8021 39.5466 79.8713 88.7718 47.8550 44.0588 97.6641 77.1193
62.0000 88.1601 88.6384 93.1505 99.2693 60.6063 60.1597 64.1202 60.2892 65.9017 18.6023 14.0000 15.3852 10.0000 15.0000 15.8310 59.3964 44.4819 75.2993 68.2151 88.9240 33.5372 35.0799 53.0000 66.6039 75.8027 43.2866 35.9615 77.2681 86.2365 47.3363 42.7567 94.8528 77.9559
60.2892 88.0000 88.1601 93.0000 98.5664 63.2541 62.3546 66.6039 62.0000 68.3095 17.0000 16.4031 12.0000 15.0000 10.0000 20.4403 61.4296 46.2491 73.1585 68.8558 87.1622 33.0000 37.4591 53.2897 64.1202 72.9682 46.2353 37.7308 77.8970 86.7919 45.9026 42.0624 95.7030 75.3682
61.4782 85.6637 86.4853 90.6226 97.3212 55.6180 55.5412 59.2443 56.0977 61.0784 24.1421 18.6023 21.1803 15.8310 20.4403 10.0000 54.9222 40.4138 75.1920 65.0000 88.2624 32.3607 30.6155 50.3113 67.0088 76.6033 38.1780 32.0907 74.0078 83.0068 46.7151 41.3847 91.3019 78.4105
48.0526 49.4081 52.5206 53.5660 63.4135 17.2801 12.0000 17.2801 13.6056 18.0623 67.7754 63.1413 63.2259 59.3964 61.4296 54.9222 10.0000 25.2643 59.4773 27.6918 65.0727 42.5269 34.3516 28.2483 58.0416 67.4282 28.0000 33.7065 34.1868 42.3110 42.8938 38.6531 48.4708 66.0892
43.5410 57.4342 59.2443 62.2015 70.4152 28.6011 26.4012 31.2132 25.8114 32.6716 52.7200 48.3275 48.0789 44.4819 46.2491 40.4138 25.2643 10.0000 57.1699 35.4951 66.5685 28.0278 20.0000 24.1421 52.7200 62.9245 19.4340 18.5440 44.2345 53.1856 33.0868 27.0294 61.0392 62.7731
24.1421 42.0156 38.2843 45.3553 43.5410 66.7539 61.4198 65.9017 56.0977 65.5788 79.6419 78.8767 75.0000 75.2993 73.1585 75.1920 59.4773 57.1699 10.0000 45.0000 25.0000 53.0116 63.1507 43.5410 20.0000 20.2956 66.6039 59.5782 47.1080 50.2492 38.6007 44.7131 59.3964 17.0711
36.9258 32.3607 35.0000 36.9258 46.0555 34.4131 29.2094 32.3607 24.1421 31.5407 75.7647 72.2013 70.8276 68.2151 68.8558 65.0000 27.6918 35.4951 45.0000 10.0000 48.0789 46.4005 45.3553 25.8114 46.4005 54.2832 42.6956 43.0606 19.0554 28.0278 39.2062 38.6356 36.9258 52.0119
36.9258 35.4951 30.6155 36.9258 31.2132 72.1772 66.8243 70.4152 61.4782 69.6154 93.8153 92.6378 89.0569 88.9240 87.1622 88.2624 65.0727 66.5685 25.0000 48.0789 10.0000 65.9017 74.0312 52.4264 35.0000 31.9317 75.7951 70.6053 46.4966 46.1248 51.6293 57.0106 53.4166 27.4642
39.1548 65.0000 65.2268 70.0000 75.7647 46.6197 43.9706 49.0512 42.0156 50.3609 40.0000 37.4591 35.0000 33.5372 33.0000 32.3607 42.5269 28.0278 53.0116 46.4005 65.9017 10.0000 25.0000 30.6155 45.3553 55.3431 33.5372 22.1655 55.3542 64.1295 24.4222 19.2195 73.3246 56.6905
49.0512 67.0088 68.5235 71.8466 79.6419 35.8070 35.0799 39.1548 35.4951 40.8869 43.5410 38.7924 39.1548 35.0799 37.4591 30.6155 34.3516 20.0000 63.1507 45.3553 74.0312 25.0000 10.0000 32.3607 57.1699 67.4543 19.4340 13.6056 54.1814 63.1507 35.9422 29.2354 71.0328 68.0086
30.6155 45.3553 46.4005 50.3113 57.4342 35.0200 30.2237 35.4951 25.8114 35.9615 60.2494 57.0000 55.2769 53.0000 53.2897 50.3113 28.2483 24.1421 43.5410 25.8114 52.4264 30.6155 32.3607 10.0000 40.4138 50.2616 33.4307 29.3132 34.7386 43.5410 25.2643 23.0384 52.7200 49.5601
20.0000 49.0512 46.0555 53.0116 52.7200 65.1453 60.0400 65.0000 55.0000 65.0364 70.4152 70.0333 65.9017 66.6039 64.1202 67.0088 58.0416 52.7200 20.0000 46.4005 35.0000 45.3553 57.1699 40.4138 10.0000 20.2956 62.0000 53.5660 50.7063 55.6070 31.4009 38.0179 65.3173 21.4018
29.6469 52.2019 48.2884 55.3431 52.4382 74.6297 69.4138 74.1950 64.2310 74.0703 78.9638 79.0652 74.6607 75.8027 72.9682 76.6033 67.4282 62.9245 20.2956 54.2832 31.9317 55.3431 67.4543 50.2616 20.2956 10.0000 72.2415 63.8516 57.1275 60.5371 41.6228 48.2753 69.6825 14.4721
52.9418 65.0364 67.3062 69.6154 78.4763 27.4642 28.1108 31.1896 30.2237 33.0868 51.8808 46.7151 47.8021 43.2866 46.2353 38.1780 28.0000 19.4340 66.6039 42.6956 75.7951 33.5372 19.4340 33.4307 62.0000 72.2415 10.0000 21.4018 50.8044 59.4773 41.7805 35.3180 66.3205 72.1772
45.4683 64.3415 65.6597 69.2284 76.7308 36.1725 34.6982 39.2062 34.3516 40.8058 44.1760 39.8329 39.5466 35.9615 37.7308 32.0907 33.7065 18.5440 59.5782 43.0606 70.6053 22.1655 13.6056 29.3132 53.5660 63.8516 21.4018 10.0000 52.0119 61.0098 32.3607 25.6525 69.2115 64.4059
42.2025 25.5563 29.4165 29.4165 39.6985 39.8329 35.2389 36.8701 31.0238 35.4951 84.8131 81.2531 79.8713 77.2681 77.8970 74.0078 34.1868 44.2345 47.1080 19.0554 46.4966 55.3542 54.1814 34.7386 50.7063 57.1275 50.8044 52.0119 10.0000 19.0000 47.2156 47.3363 28.0278 54.1475
48.2099 21.1803 26.1245 23.0384 34.1868 47.2156 43.1059 43.8378 39.4109 42.2025 93.7257 90.2247 88.7718 86.2365 86.7919 83.0068 42.3110 53.1856 50.2492 28.0278 46.1248 64.1295 63.1507 43.5410 55.6070 60.5371 59.4773 61.0098 19.0000 10.0000 55.1885 55.8803 20.0000 57.0106
24.7648 53.7379 53.1045 58.6621 63.0377 49.0512 44.7851 50.1622 40.8707 50.8534 52.7551 51.1096 47.8550 47.3363 45.9026 46.7151 42.8938 33.0868 38.6007 39.2062 51.6293 24.4222 35.9422 25.2643 31.4009 41.6228 41.7805 32.3607 47.2156 55.1885 10.0000 16.7082 65.0091 42.5576
30.6155 56.0435 56.0977 61.0392 66.5685 44.1760 40.4138 45.7771 37.2029 46.7151 49.0512 46.6742 44.0588 42.7567 42.0624 41.3847 38.6531 27.0294 44.7131 38.6356 57.0106 19.2195 29.2354 23.0384 38.0179 48.2753 35.3180 25.6525 47.3363 55.8803 16.7082 10.0000 65.3624 49.0512
58.1664 28.0278 32.8035 27.0294 37.2947 52.0595 48.8330 48.2753 46.1248 46.4005 102.5743 98.8144 97.6641 94.8528 95.7030 91.3019 48.4708 61.0392 59.3964 36.9258 53.4166 73.3246 71.0328 52.7200 65.3173 69.6825 66.3205 69.2115 28.0278 20.0000 65.0091 65.3624 10.0000 65.9464
29.2354 48.2753 44.2053 51.2311 48.0132 73.3482 68.0517 72.6498 62.7731 72.3939 81.5542 81.3442 77.1193 77.9559 75.3682 78.4105 66.0892 62.7731 17.0711 52.0119 27.4642 56.6905 68.0086 49.5601 21.4018 14.4721 72.1772 64.4059 54.1475 57.0106 42.5576 49.0512 65.9464 10.0000
0         960      
311       551      
459       699      
593       833      
643       883      
275       515      
194       434      
155       395      
315       555      
141       381      
86        326      
89        329      
134       374      
186       426      
105       345      
51        291      
380       620      
266       506      
539       779      
337       577      
634       874      
107       347      
39        279      
131       371      
552       792      
690       930      
208       448      
284       524      
289       529      
299       539      
14        254      
40        280      
487       727      
690       930      
# Sum of service times: 330
