23
0.0000 30.8058 36.0555 33.3017 35.3553 39.0512 33.5261 32.3883 35.3553 39.2938 41.2311 37.2022 38.3275 20.0000 14.1421 11.1803 10.0000 39.2938 32.5576 38.4708 14.7648 17.8885 14.1421
40.8058 10.0000 15.3852 14.0000 17.0000 18.6023 47.6962 43.1059 44.4819 50.3113 51.3401 16.4031 46.0555 35.0799 27.0000 47.3363 33.4307 35.0000 33.6008 27.4642 42.3883 27.1172 33.3452
46.0555 15.3852 10.0000 15.3852 17.0711 15.0000 51.7612 47.0000 48.0789 53.8634 54.7214 12.0000 49.3573 40.0000 32.3607 52.7200 38.2843 36.9072 36.8328 28.4391 47.6563 32.3607 38.6356
43.3017 14.0000 15.3852 10.0000 13.0000 15.8310 46.4005 41.6228 42.6956 48.4838 49.3573 15.0000 44.0000 35.0799 29.2094 48.9102 36.6271 31.9317 31.4709 23.8924 43.2415 28.0278 34.3516
45.3553 17.0000 17.0711 13.0000 10.0000 15.0000 45.6931 40.8058 41.6228 47.3363 48.0789 15.8310 42.6956 35.4951 31.2132 50.3113 39.1548 29.8494 30.2485 21.4018 44.1760 29.2354 35.4951
49.0512 18.6023 15.0000 15.8310 15.0000 10.0000 50.6079 45.6931 46.4005 52.0595 52.7200 13.0000 47.3363 40.4138 35.0000 54.7214 42.0156 33.8537 35.0000 25.0000 48.8973 33.7697 40.0832
43.5261 47.6962 51.7612 46.4005 45.6931 50.6079 10.0000 15.0000 15.8310 16.0000 18.0000 51.2311 17.8102 25.6205 39.7321 37.0000 47.7359 30.8806 26.0000 38.0713 29.2354 34.0832 31.6333
42.3883 43.1059 47.0000 41.6228 40.8058 45.6931 15.0000 10.0000 13.0000 17.8102 19.4340 46.4005 16.0000 23.0000 36.6271 37.4591 45.3412 26.1555 21.0000 33.0868 29.1050 30.6155 29.3132
45.3553 44.4819 48.0789 42.6956 41.6228 46.4005 15.8310 13.0000 10.0000 15.8310 17.0711 47.3363 13.0000 25.8114 39.1548 40.4138 48.0789 25.2971 21.4018 33.0217 32.0907 33.0217 32.1359
49.2938 50.3113 53.8634 48.4838 47.3363 52.0595 16.0000 17.8102 15.8310 10.0000 12.0000 53.0813 15.0000 30.5913 44.4093 43.0000 52.9418 30.0000 27.0880 38.2843 35.1794 38.4253 36.8328
51.2311 51.3401 54.7214 49.3573 48.0789 52.7200 18.0000 19.4340 17.0711 12.0000 10.0000 53.8634 15.3852 32.3607 46.0555 45.0000 54.7214 30.0998 27.8885 38.6356 37.1662 40.0000 38.6356
47.2022 16.4031 12.0000 15.0000 15.8310 13.0000 51.2311 46.4005 47.3363 53.0813 53.8634 10.0000 48.4838 40.0666 33.3238 53.4626 39.7321 35.6125 36.0000 26.9706 48.0789 32.8035 39.1204
48.3275 46.0555 49.3573 44.0000 42.6956 47.3363 17.8102 16.0000 13.0000 15.0000 15.3852 48.4838 10.0000 28.6815 41.7648 43.3766 50.8534 25.0000 22.5300 33.3452 35.0799 35.5539 35.0000
30.0000 35.0799 40.0000 35.0799 35.4951 40.4138 25.6205 23.0000 25.8114 30.5913 32.3607 40.0666 28.6815 10.0000 24.1421 28.0278 32.3607 30.5913 23.4164 32.8035 19.8995 18.9443 16.3246
24.1421 27.0000 32.3607 29.2094 31.2132 35.0000 39.7321 36.6271 39.1548 44.4093 46.0555 33.3238 41.7648 24.1421 10.0000 30.6155 20.0000 38.0000 32.3607 35.2982 27.2627 16.3246 18.9443
21.1803 47.3363 52.7200 48.9102 50.3113 54.7214 37.0000 37.4591 40.4138 43.0000 45.0000 53.4626 43.3766 28.0278 30.6155 10.0000 30.6155 48.5876 41.3847 50.3113 18.5440 31.0950 25.0000
20.0000 33.4307 38.2843 36.6271 39.1548 42.0156 47.7359 45.3412 48.0789 52.9418 54.7214 39.7321 50.8534 32.3607 20.0000 30.6155 10.0000 48.0000 42.2490 44.9285 31.4009 26.1245 26.1245
49.2938 35.0000 36.9072 31.9317 29.8494 33.8537 30.8806 26.1555 25.2971 30.0000 30.0998 35.6125 25.0000 30.5913 38.0000 48.5876 48.0000 10.0000 17.2111 18.9443 40.2324 32.0907 35.2982
42.5576 33.6008 36.8328 31.4709 30.2485 35.0000 26.0000 21.0000 21.4018 27.0880 27.8885 36.0000 22.5300 23.4164 32.3607 41.3847 42.2490 17.2111 10.0000 22.1655 33.0217 26.1245 28.4391
48.4708 27.4642 28.4391 23.8924 21.4018 25.0000 38.0713 33.0868 33.0217 38.2843 38.6356 26.9706 33.3452 32.8035 35.2982 50.3113 44.9285 18.9443 22.1655 10.0000 42.6497 30.5913 35.6125
24.7648 42.3883 47.6563 43.2415 44.1760 48.8973 29.2354 29.1050 32.0907 35.1794 37.1662 48.0789 35.0799 19.8995 27.2627 18.5440 31.4009 40.2324 33.0217 42.6497 10.0000 25.2971 19.0554
27.8885 27.1172 32.3607 28.0278 29.2354 33.7697 34.0832 30.6155 33.0217 38.4253 40.0000 32.8035 35.5539 18.9443 16.3246 31.0950 26.1245 32.0907 26.1245 30.5913 25.2971 10.0000 16.3246
24.1421 33.3452 38.6356 34.3516 35.4951 40.0832 31.6333 29.3132 32.1359 36.8328 38.6356 39.1204 35.0000 16.3246 18.9443 25.0000 26.1245 35.2982 28.4391 35.6125 19.0554 16.3246 10.0000
0         960      
0         919      
644       764      
388       508      
0         914      
367       487      
195       315      
0         917      
35        155      
174       294      
255       375      
489       609      
105       225      
375       495      
599       719      
11        131      
612       732      
286       406      
365       485      
352       472      
0         935      
260       380      
0         935      
# Sum of service times: 220
