29
0.0000 38.0789 39.3573 40.3113 33.5410 31.6228 38.0789 41.2311 40.3113 43.0116 36.0555 33.5410 35.3412 37.7359 38.3275 25.0000 20.0000 26.9258 15.8114 9.2195 19.6469 39.2938 32.5576 38.4708 38.2099 17.8885 14.1421 20.5183 19.2354
48.0789 10.0000 13.0000 15.0000 62.2015 57.4342 63.8516 61.4782 57.1699 50.0000 45.3553 40.4138 40.1496 15.8310 56.1411 65.0000 45.3553 36.9258 38.2843 43.5410 28.8680 43.9706 43.6155 35.4951 72.3699 37.0185 43.0151 60.0100 28.9737
49.3573 13.0000 10.0000 12.0000 61.4198 56.5725 62.8110 60.0899 55.6508 53.0000 48.3275 43.3766 43.1361 13.6056 54.7214 65.0818 45.0571 35.9615 40.4795 44.2053 30.6155 42.0156 42.2025 33.3452 71.8142 37.0740 43.2415 60.1597 30.1246
50.3113 15.0000 12.0000 10.0000 60.9902 56.0977 62.2015 59.2443 54.7214 55.0000 50.3113 45.3553 45.1283 13.0000 53.8634 65.2268 45.0000 35.4951 42.0156 44.7851 31.9317 40.8058 41.3847 32.0227 71.5224 37.2947 43.5410 60.3587 31.0950
43.5410 62.2015 61.4198 60.9902 10.0000 15.0000 15.0000 21.1803 24.1421 84.3303 77.2681 73.6396 75.0692 58.0521 22.8062 25.8114 28.0278 35.4951 56.0977 37.0185 52.2019 36.2488 31.0950 43.2415 21.1803 36.9258 33.3452 26.0000 48.2753
41.6228 57.4342 56.5725 56.0977 15.0000 10.0000 17.0711 20.0000 21.1803 81.0634 74.0312 70.2080 71.5549 53.1741 19.4340 28.0278 24.1421 30.6155 53.0116 34.1868 48.2884 31.5407 26.1245 38.2843 26.1245 32.8035 30.0000 26.7631 44.2053
48.0789 63.8516 62.8110 62.2015 15.0000 17.0711 10.0000 17.0711 21.1803 88.1025 81.0634 77.2681 78.6222 59.3356 20.4403 30.6155 31.2132 36.9258 60.0000 41.0644 55.3431 35.1794 31.2132 43.0151 23.0384 39.8329 37.0185 31.0000 51.2311
51.2311 61.4782 60.0899 59.2443 21.1803 20.0000 17.0711 10.0000 15.0000 89.0569 82.1110 78.0074 79.2026 56.5188 15.3852 36.9258 32.3607 35.0000 61.4782 43.2415 55.4533 30.0998 27.8885 38.6356 30.0000 40.0000 38.6356 36.4764 51.1096
50.3113 57.1699 55.6508 54.7214 24.1421 21.1803 21.1803 15.0000 10.0000 86.3217 79.4622 75.1920 76.2873 52.0595 12.0000 39.1548 30.6155 31.2132 59.2443 41.7805 52.4382 25.1327 23.6015 33.7697 34.1868 37.2947 36.9258 37.8568 48.0132
53.0116 50.0000 53.0000 55.0000 84.3303 81.0634 88.1025 89.0569 86.3217 10.0000 17.0711 21.1803 20.4403 55.0999 84.6257 78.0074 67.0088 65.9017 38.2843 57.3814 44.0000 77.7791 73.9531 71.4003 90.8084 59.0918 61.0882 73.4114 48.4708
46.0555 45.3553 48.3275 50.3113 77.2681 74.0312 81.0634 82.1110 79.4622 17.0711 10.0000 15.0000 15.3852 50.0500 77.7422 71.0328 60.0000 59.2443 31.2132 50.3113 37.3130 71.3514 67.2713 65.3173 83.7564 52.1900 54.0454 66.4004 41.7805
43.5410 40.4138 43.3766 45.3553 73.6396 70.2080 77.2681 78.0074 75.1920 21.1803 15.0000 10.0000 12.0000 45.0571 73.5138 68.3095 56.0977 54.7214 28.0278 46.8782 32.8254 66.6480 62.7731 60.4480 80.6045 48.0132 50.3113 63.5350 37.2947
45.3412 40.1496 43.1361 45.1283 75.0692 71.5549 78.6222 79.2026 76.2873 20.4403 15.3852 12.0000 10.0000 45.0000 74.6375 70.0333 57.4236 55.6508 29.7231 48.4187 33.8537 67.3847 63.7122 60.9608 82.2011 49.2046 51.7253 65.2268 38.3019
47.7359 15.8310 13.6056 13.0000 58.0521 53.1741 59.3356 56.5188 52.0595 55.0999 50.0500 45.0571 45.0000 10.0000 51.1461 62.2398 42.0000 32.5610 40.2324 41.9531 29.8494 38.4253 38.6356 29.7990 68.5491 34.3311 40.5941 57.3814 28.6011
48.3275 56.1411 54.7214 53.8634 22.8062 19.4340 20.4403 15.3852 12.0000 84.6257 77.7422 73.5138 74.6375 51.1461 10.0000 37.4591 28.6815 29.8494 57.4236 39.8329 50.8044 25.0000 22.5300 33.3452 33.2594 35.5539 35.0000 36.0000 46.4005
35.0000 65.0000 65.0818 65.2268 25.8114 28.0278 30.6155 36.9258 39.1548 78.0074 71.0328 68.3095 70.0333 62.2398 37.4591 10.0000 30.6155 41.6228 50.3113 32.8035 50.2616 47.8021 41.0644 52.4853 24.3178 38.0179 32.0227 15.0990 47.4833
30.0000 45.3553 45.0571 45.0000 28.0278 24.1421 31.2132 32.3607 30.6155 67.0088 60.0000 56.0977 57.4236 42.0000 28.6815 30.6155 10.0000 21.1803 39.1548 21.1803 34.2074 30.5913 23.4164 32.8035 37.2029 18.9443 16.3246 26.1555 30.2485
36.9258 36.9258 35.9615 35.4951 35.4951 30.6155 36.9258 35.0000 31.2132 65.9017 59.2443 54.7214 55.6508 32.5610 29.8494 41.6228 21.1803 10.0000 40.4138 27.8885 31.9317 23.0000 18.0623 22.0416 46.1248 19.2195 23.6015 37.3130 27.4642
25.8114 38.2843 40.4795 42.0156 56.0977 53.0116 60.0000 61.4782 59.2443 38.2843 31.2132 28.0278 29.7231 40.2324 57.4236 50.3113 39.1548 40.4138 10.0000 29.1050 20.7703 53.2897 48.0789 49.1152 62.6308 32.1359 33.0217 45.5106 24.1421
19.2195 43.5410 44.2053 44.7851 37.0185 34.1868 41.0644 43.2415 41.7805 57.3814 50.3113 46.8782 48.4187 41.9531 39.8329 32.8035 21.1803 27.8885 29.1050 10.0000 27.4642 40.0832 33.3452 39.6816 43.8378 19.2195 15.0000 27.7200 25.0000
29.6469 28.8680 30.6155 31.9317 52.2019 48.2884 55.3431 55.4533 52.4382 44.0000 37.3130 32.8254 33.8537 29.8494 50.8044 50.2616 34.2074 31.9317 20.7703 27.4642 10.0000 44.2053 39.9666 39.0172 60.5371 25.5563 29.2354 45.1710 14.4721
49.2938 43.9706 42.0156 40.8058 36.2488 31.5407 35.1794 30.0998 25.1327 77.7791 71.3514 66.6480 67.3847 38.4253 25.0000 47.8021 30.5913 23.0000 53.2897 40.0832 44.2053 10.0000 17.2111 18.9443 47.3631 32.0907 35.2982 44.6554 39.8329
42.5576 43.6155 42.2025 41.3847 31.0950 26.1245 31.2132 27.8885 23.6015 73.9531 67.2713 62.7731 63.7122 38.6356 22.5300 41.0644 23.4164 18.0623 48.0789 33.3452 39.9666 17.2111 10.0000 22.1655 42.2490 26.1245 28.4391 37.6586 35.4951
48.4708 35.4951 33.3452 32.0227 43.2415 38.2843 43.0151 38.6356 33.7697 71.4003 65.3173 60.4480 60.9608 29.7990 33.3452 52.4853 32.8035 22.0416 49.1152 39.6816 39.0172 18.9443 22.1655 10.0000 54.4072 30.5913 35.6125 48.5876 35.0200
48.2099 72.3699 71.8142 71.5224 21.1803 26.1245 23.0384 30.0000 34.1868 90.8084 83.7564 80.6045 82.2011 68.5491 33.2594 24.3178 37.2029 46.1248 62.6308 43.8378 60.5371 47.3631 42.2490 54.4072 10.0000 46.0555 41.3050 27.8045 57.0106
27.8885 37.0185 37.0740 37.2947 36.9258 32.8035 39.8329 40.0000 37.2947 59.0918 52.1900 48.0132 49.2046 34.3311 35.5539 38.0179 18.9443 19.2195 32.1359 19.2195 25.5563 32.0907 26.1245 30.5913 46.0555 10.0000 16.3246 33.0868 21.4018
24.1421 43.0151 43.2415 43.5410 33.3452 30.0000 37.0185 38.6356 36.9258 61.0882 54.0454 50.3113 51.7253 40.5941 35.0000 32.0227 16.3246 23.6015 33.0217 15.0000 29.2354 35.2982 28.4391 35.6125 41.3050 16.3246 10.0000 27.0000 25.8114
30.5183 60.0100 60.1597 60.3587 26.0000 26.7631 31.0000 36.4764 37.8568 73.4114 66.4004 63.5350 65.2268 57.3814 36.0000 15.0990 26.1555 37.3130 45.5106 27.7200 45.1710 44.6554 37.6586 48.5876 27.8045 33.0868 27.0000 10.0000 42.3883
29.2354 28.9737 30.1246 31.0950 48.2753 44.2053 51.2311 51.1096 48.0132 48.4708 41.7805 37.2947 38.3019 28.6011 46.4005 47.4833 30.2485 27.4642 24.1421 25.0000 14.4721 39.8329 35.4951 35.0200 57.0106 21.4018 25.8114 42.3883 10.0000
0         960      
0         911      
0         910      
0         909      
371       491      
519       639      
653       773      
0         908      
703       823      
43        163      
64        184      
33        153      
217       337      
37        157      
0         911      
0         925      
375       495      
0         923      
0         934      
157       277      
810       930      
0         910      
365       485      
352       472      
359       479      
260       380      
0         935      
308       428      
810       930      
# Sum of service times: 280
