41
0.0000 33.5410 38.0789 45.1774 40.0500 35.0571 45.0000 35.0000 45.0444 35.0571 45.2769 58.5235 57.0088 55.7136 52.2015 52.0000 50.2892 51.0784 51.4782 47.4342 45.0444 38.0526 35.3412 25.0000 26.9258 47.1699 42.4264 29.1548 39.0512 11.1803 36.0555 57.0088 42.9418 49.9800 19.2354 35.4683 32.2025 38.2099 52.4786 48.1664 20.5183
43.5410 10.0000 15.0000 55.3431 50.6079 47.7359 52.4264 46.0555 51.0366 44.4093 49.0512 95.1469 95.0000 92.1523 90.0000 88.1601 88.0000 87.1622 85.6637 85.0000 53.8634 49.4081 72.0000 25.8114 32.3607 35.4951 25.0000 65.0000 67.0088 35.4951 28.0278 40.4138 65.0364 44.5398 37.2947 64.3415 25.5563 21.1803 74.4127 28.0278 26.0000
48.0789 15.0000 10.0000 59.2037 54.6542 52.0595 56.0977 50.3113 54.5982 48.5876 52.4264 100.1388 100.0000 97.1436 95.0000 93.1505 93.0000 92.1523 90.6226 90.0000 57.6340 53.5660 77.0000 30.6155 36.9258 36.9258 25.8114 70.0000 71.8466 40.4138 31.2132 40.0000 69.6154 46.7151 42.2490 69.2284 29.4165 23.0384 78.8767 27.0294 31.0000
55.1774 55.3431 59.2037 10.0000 15.3852 20.1980 14.0000 20.7703 16.0000 21.6619 19.0000 66.7979 69.1692 64.1202 64.9181 60.6063 63.2541 59.7393 55.6180 60.8035 12.0000 17.2801 51.0366 41.4006 34.4131 39.4279 47.1618 46.6197 35.8070 46.1386 38.3019 49.0000 27.4642 31.0950 36.9258 36.1725 39.8329 47.2156 33.0000 52.0595 44.9857
50.0500 50.6079 54.6542 15.3852 10.0000 15.0000 15.3852 15.3852 16.4031 16.4031 18.6023 66.6480 68.6003 63.8516 64.1202 60.1597 62.3546 59.2443 55.5412 59.7393 15.0000 12.0000 49.0512 36.2488 29.2094 37.0000 43.5261 43.9706 35.0799 40.8058 34.1661 47.3363 28.1108 30.2485 31.5870 34.6982 35.2389 43.1059 35.4951 48.8330 39.6816
45.0571 47.7359 52.0595 20.1980 15.0000 10.0000 20.1980 12.0000 20.7703 14.0000 22.2066 65.0818 66.6480 62.2015 62.0000 58.3839 60.1597 57.4342 54.1475 57.4236 20.0000 13.0000 46.0555 32.6716 25.6205 37.4591 42.3883 40.4795 33.5372 35.9615 32.5610 48.3275 28.2483 32.4722 26.7631 32.4722 32.8473 41.3209 36.9258 48.1182 35.6125
55.0000 52.4264 56.0977 14.0000 15.3852 20.1980 10.0000 20.0000 12.0000 20.1980 15.0000 70.4152 72.6498 67.6975 68.3095 64.1202 66.6039 63.2353 59.2443 64.0833 12.0000 17.2801 53.8634 39.1548 32.3607 35.4951 43.5410 49.0512 39.1548 45.3553 35.0000 45.0000 31.1896 27.1172 36.1725 39.2062 36.8701 43.8378 37.0000 48.2753 43.1059
45.0000 46.0555 50.3113 20.7703 15.3852 12.0000 20.0000 10.0000 20.1980 12.0000 21.1803 67.0088 68.5235 64.1202 63.8516 60.2892 62.0000 59.3356 56.0977 59.2443 20.1980 13.6056 47.7359 31.2132 24.1421 35.4951 40.4138 42.0156 35.4951 35.4951 30.6155 46.4005 30.2237 30.8087 26.2788 34.3516 31.0238 39.4109 38.7924 46.1248 34.4131
55.0444 51.0366 54.5982 16.0000 16.4031 20.7703 12.0000 20.1980 10.0000 20.0000 13.0000 72.2415 74.4127 69.5063 70.0333 65.9017 68.3095 65.0091 61.0784 65.7584 14.0000 18.0623 55.3431 38.1780 31.5407 33.5372 41.7648 50.3609 40.8869 45.1283 33.4307 43.0000 33.0868 25.1327 36.0192 40.8058 35.4951 42.2025 39.0000 46.4005 42.3110
45.0571 44.4093 48.5876 21.6619 16.4031 14.0000 20.1980 12.0000 20.0000 10.0000 20.4403 68.9406 70.4070 66.0446 65.7136 62.2015 63.8516 61.2445 58.0521 61.0784 20.7703 15.0000 49.4462 29.8494 22.8062 33.5372 38.4429 43.6006 37.4591 35.1794 28.6815 44.4819 32.2036 29.2094 26.0312 36.2488 29.2354 37.5136 40.6757 44.1321 33.3238
55.2769 49.0512 52.4264 19.0000 18.6023 22.2066 15.0000 21.1803 13.0000 20.4403 10.0000 75.0000 77.0820 72.2415 72.6498 68.6003 70.9016 67.6975 63.8516 68.3095 17.0000 19.8995 57.6340 36.9258 30.6155 30.6155 39.1548 52.4264 43.5410 45.0000 31.2132 40.0000 35.9615 22.1655 36.0768 43.2866 33.6008 39.8329 42.0000 43.6155 41.3209
68.5235 95.1469 100.1388 66.7979 66.6480 65.0818 70.4152 67.0088 72.2415 68.9406 75.0000 10.0000 15.0000 13.0000 17.0711 17.0000 18.6023 18.0000 21.1803 21.1803 68.6003 65.9732 33.5372 80.0000 75.1920 92.4621 95.5862 40.4138 41.6228 70.8276 85.6637 103.4077 49.3573 86.8960 68.0086 42.7567 84.2428 93.2166 47.5366 101.7878 79.1809
67.0088 95.0000 100.0000 69.1692 68.6003 66.6480 72.6498 68.5235 74.4127 70.4070 77.0820 15.0000 10.0000 15.8310 15.0000 18.6023 17.0000 19.4340 24.1421 20.0000 70.9016 67.7754 33.0000 80.1783 75.7647 93.8153 96.3134 40.0000 43.5410 70.2080 86.4853 104.8683 51.8808 88.7909 68.1378 44.1760 84.8131 93.7257 51.0366 102.5743 79.0000
65.7136 92.1523 97.1436 64.1202 63.8516 62.2015 67.6975 64.1202 69.5063 66.0446 72.2415 13.0000 15.8310 10.0000 15.3852 14.0000 16.4031 15.0000 18.6023 18.6023 65.9017 63.1413 30.6155 77.0000 72.2013 89.5550 92.6075 37.4591 38.7924 67.8705 82.6911 100.5207 46.7151 84.0945 65.0091 39.8329 81.2531 90.2247 45.3553 98.8144 76.1891
62.2015 90.0000 95.0000 64.9181 64.1202 62.0000 68.3095 63.8516 70.0333 65.7136 72.6498 17.0711 15.0000 15.3852 10.0000 15.3852 12.0000 15.8310 21.1803 15.0000 66.6039 63.2259 28.0000 75.1920 70.8276 89.0569 91.3941 35.0000 39.1548 65.2268 81.5891 100.1388 47.8021 84.2496 63.1507 39.5466 79.8713 88.7718 47.8021 97.6641 74.0000
62.0000 88.1601 93.1505 60.6063 60.1597 58.3839 64.1202 60.2892 65.9017 62.2015 68.6003 17.0000 18.6023 14.0000 15.3852 10.0000 15.0000 11.0000 15.8310 15.8310 62.3546 59.3964 26.7631 73.0000 68.2151 85.6902 88.6384 33.5372 35.0799 63.9351 78.7314 96.6833 43.2866 80.3847 61.0098 35.9615 77.2681 86.2365 42.6497 94.8528 72.2013
60.2892 88.0000 93.0000 63.2541 62.3546 60.1597 66.6039 62.0000 68.3095 63.8516 70.9016 18.6023 17.0000 16.4031 12.0000 15.0000 10.0000 15.0990 20.4403 13.0000 64.9181 61.4296 26.0000 73.1981 68.8558 87.1622 89.4292 33.0000 37.4591 63.2353 79.6348 98.2553 46.2353 82.4500 61.1566 37.7308 77.8970 86.7919 46.6197 95.7030 72.0000
61.0784 87.1622 92.1523 59.7393 59.2443 57.4342 63.2353 59.3356 65.0091 61.2445 67.6975 18.0000 19.4340 15.0000 15.8310 11.0000 15.0990 10.0000 15.3852 15.3852 61.4782 58.4665 25.8114 72.0000 67.2189 84.7262 87.6466 32.5610 34.1661 62.9528 77.7422 95.7263 42.4500 79.4622 60.0100 35.0000 76.2722 85.2396 42.0156 93.8630 71.2046
61.4782 85.6637 90.6226 55.6180 55.5412 54.1475 59.2443 56.0977 61.0784 58.0521 63.8516 21.1803 24.1421 18.6023 21.1803 15.8310 20.4403 15.3852 10.0000 20.0000 57.4236 54.9222 26.4012 70.2080 65.0000 81.5891 85.1665 32.3607 30.6155 62.2015 75.1920 92.4621 38.1780 75.7875 58.3735 32.0907 74.0078 83.0068 36.9072 91.3019 69.8415
57.4342 85.0000 90.0000 60.8035 59.7393 57.4236 64.0833 59.2443 65.7584 61.0784 68.3095 21.1803 20.0000 18.6023 15.0000 15.8310 13.0000 15.3852 20.0000 10.0000 62.4309 58.7647 23.0000 70.2080 65.9017 84.3303 86.4853 30.0000 35.0000 60.2494 76.7083 95.4400 43.9706 79.7711 58.1664 35.0599 74.9384 83.8241 44.9857 92.7647 69.0000
55.0444 53.8634 57.6340 12.0000 15.0000 20.0000 12.0000 20.1980 14.0000 20.7703 17.0000 68.6003 70.9016 65.9017 66.6039 62.3546 64.9181 61.4782 57.4236 62.4309 10.0000 17.0000 52.4264 40.2324 33.3238 37.4591 45.3412 47.8021 37.4591 45.6931 36.6271 47.0000 29.3132 29.1050 36.4764 37.6586 38.3196 45.5106 35.0000 50.1622 44.0000
48.0526 49.4081 53.5660 17.2801 12.0000 13.0000 17.2801 13.6056 18.0623 15.0000 19.8995 65.9732 67.7754 63.1413 63.2259 59.3964 61.4296 58.4665 54.9222 58.7647 17.0000 10.0000 47.8021 34.7588 27.6918 37.0740 42.9848 42.5269 34.3516 38.8617 33.4094 47.6563 28.0000 31.0238 29.6469 33.7065 34.1868 42.3110 35.9615 48.4708 38.0179
45.3412 72.0000 77.0000 51.0366 49.0512 46.0555 53.8634 47.7359 55.3431 49.4462 57.6340 33.5372 33.0000 30.6155 28.0000 26.7631 26.0000 25.8114 26.4012 23.0000 52.4264 47.8021 10.0000 57.2652 53.1741 72.2415 73.7887 17.0000 26.5529 47.3363 64.1202 83.4098 35.9422 68.5235 45.2278 25.0000 62.1728 71.0000 40.4138 80.0928 56.0000
35.0000 25.8114 30.6155 41.4006 36.2488 32.6716 39.1548 31.2132 38.1780 29.8494 36.9258 80.0000 80.1783 77.0000 75.1920 73.0000 73.1981 72.0000 70.2080 70.2080 40.2324 34.7588 57.2652 10.0000 17.0711 32.3607 28.0278 50.3113 51.2311 24.1421 21.1803 42.0156 49.3573 37.0740 22.0416 48.6394 17.2111 24.3178 58.8774 34.1868 15.0990
36.9258 32.3607 36.9258 34.4131 29.2094 25.6205 32.3607 24.1421 31.5407 22.8062 30.6155 75.1920 75.7647 72.2013 70.8276 68.2151 68.8558 67.2189 65.0000 65.9017 33.3238 27.6918 53.1741 17.0711 10.0000 31.2132 30.6155 46.4005 45.3553 25.8114 21.1803 42.0156 42.6956 33.0868 19.2195 43.0606 19.0554 28.0278 52.0595 36.9258 20.7703
57.1699 35.4951 36.9258 39.4279 37.0000 37.4591 35.4951 35.4951 33.5372 33.5372 30.6155 92.4621 93.8153 89.5550 89.0569 85.6902 87.1622 84.7262 81.5891 84.3303 37.4591 37.0740 72.2415 32.3607 31.2132 10.0000 21.1803 65.9017 60.9902 46.0555 21.1803 21.1803 55.0444 20.6301 40.4138 59.7293 25.2315 24.3178 62.2398 23.6015 37.3130
52.4264 25.0000 25.8114 47.1618 43.5261 42.3883 43.5410 40.4138 41.7648 38.4429 39.1548 95.5862 96.3134 92.6075 91.3941 88.6384 89.4292 87.6466 85.1665 86.4853 45.3412 42.9848 73.7887 28.0278 30.6155 21.1803 10.0000 67.0088 65.0000 42.0156 20.0000 25.8114 60.6360 31.4009 39.1548 63.0848 21.7047 14.4721 68.9406 16.3246 31.9317
39.1548 65.0000 70.0000 46.6197 43.9706 40.4795 49.0512 42.0156 50.3609 43.6006 52.4264 40.4138 40.0000 37.4591 35.0000 33.5372 33.0000 32.5610 32.3607 30.0000 47.8021 42.5269 17.0000 50.3113 46.4005 65.9017 67.0088 10.0000 25.0000 40.4138 57.4342 77.0820 33.5372 62.8015 38.2843 22.1655 55.3542 64.1295 40.0666 73.3246 49.0000
49.0512 67.0088 71.8466 35.8070 35.0799 33.5372 39.1548 35.4951 40.8869 37.4591 43.5410 41.6228 43.5410 38.7924 39.1548 35.0799 37.4591 34.1661 30.6155 35.0000 37.4591 34.3516 26.5529 51.2311 45.3553 60.9902 65.0000 25.0000 10.0000 46.0555 55.0000 71.8466 19.4340 55.3100 40.0832 13.6056 54.1814 63.1507 25.1327 71.0328 51.7852
21.1803 35.4951 40.4138 46.1386 40.8058 35.9615 45.3553 35.4951 45.1283 35.1794 45.0000 70.8276 70.2080 67.8705 65.2268 63.9351 63.2353 62.9528 62.2015 60.2494 45.6931 38.8617 47.3363 24.1421 25.8114 46.0555 42.0156 40.4138 46.0555 10.0000 35.0000 56.0977 47.5366 48.8973 19.2195 42.7567 31.2603 38.0179 57.4236 48.0132 20.2956
46.0555 28.0278 31.2132 38.3019 34.1661 32.5610 35.0000 30.6155 33.4307 28.6815 31.2132 85.6637 86.4853 82.6911 81.5891 78.7314 79.6348 77.7422 75.1920 76.7083 36.6271 33.4094 64.1202 21.1803 21.1803 21.1803 20.0000 57.4342 55.0000 35.0000 10.0000 31.2132 50.7922 27.2627 30.2485 53.1045 14.1231 18.9443 59.3356 26.1245 26.1555
67.0088 40.4138 40.0000 49.0000 47.3363 48.3275 45.0000 46.4005 43.0000 44.4819 40.0000 103.4077 104.8683 100.5207 100.1388 96.6833 98.2553 95.7263 92.4621 95.4400 47.0000 47.6563 83.4098 42.0156 42.0156 21.1803 25.8114 77.0820 71.8466 56.0977 31.2132 10.0000 65.4437 28.1108 51.2311 70.7289 34.8395 30.2485 72.0000 23.0384 46.6197
52.9418 65.0364 69.6154 27.4642 28.1108 28.2483 31.1896 30.2237 33.0868 32.2036 35.9615 49.3573 51.8808 46.7151 47.8021 43.2866 46.2353 42.4500 38.1780 43.9706 29.3132 28.0000 35.9422 49.3573 42.6956 55.0444 60.6360 33.5372 19.4340 47.5366 50.7922 65.4437 10.0000 48.0789 39.8329 21.4018 50.8044 59.4773 19.8995 66.3205 51.0488
59.9800 44.5398 46.7151 31.0950 30.2485 32.4722 27.1172 30.8087 25.1327 29.2094 22.1655 86.8960 88.7909 84.0945 84.2496 80.3847 82.4500 79.4622 75.7875 79.7711 29.1050 31.0238 68.5235 37.0740 33.0868 20.6301 31.4009 62.8015 55.3100 48.8973 27.2627 28.1108 48.0789 10.0000 41.3050 54.7214 31.0950 33.7065 54.0454 34.2074 42.1403
29.2354 37.2947 42.2490 36.9258 31.5870 26.7631 36.1725 26.2788 36.0192 26.0312 36.0768 68.0086 68.1378 65.0091 63.1507 61.0098 61.1566 60.0100 58.3735 58.1664 36.4764 29.6469 45.2278 22.0416 19.2195 40.4138 39.1548 38.2843 40.0832 19.2195 30.2485 51.2311 39.8329 41.3050 10.0000 37.2029 27.4642 35.9615 49.6989 45.4683 21.7047
45.4683 64.3415 69.2284 36.1725 34.6982 32.4722 39.2062 34.3516 40.8058 36.2488 43.2866 42.7567 44.1760 39.8329 39.5466 35.9615 37.7308 35.0000 32.0907 35.0599 37.6586 33.7065 25.0000 48.6394 43.0606 59.7293 63.0848 22.1655 13.6056 42.7567 53.1045 70.7289 21.4018 54.7214 37.2029 10.0000 52.0119 61.0098 28.4391 69.2115 48.8973
42.2025 25.5563 29.4165 39.8329 35.2389 32.8473 36.8701 31.0238 35.4951 29.2354 33.6008 84.2428 84.8131 81.2531 79.8713 77.2681 77.8970 76.2722 74.0078 74.9384 38.3196 34.1868 62.1728 17.2111 19.0554 25.2315 21.7047 55.3542 54.1814 31.2603 14.1231 34.8395 50.8044 31.0950 27.4642 52.0119 10.0000 19.0000 59.7695 28.0278 22.0830
48.2099 21.1803 23.0384 47.2156 43.1059 41.3209 43.8378 39.4109 42.2025 37.5136 39.8329 93.2166 93.7257 90.2247 88.7718 86.2365 86.7919 85.2396 83.0068 83.8241 45.5106 42.3110 71.0000 24.3178 28.0278 24.3178 14.4721 64.1295 63.1507 38.0179 18.9443 30.2485 59.4773 33.7065 35.9615 61.0098 19.0000 10.0000 68.1893 20.0000 27.8045
62.4786 74.4127 78.8767 33.0000 35.4951 36.9258 37.0000 38.7924 39.0000 40.6757 42.0000 47.5366 51.0366 45.3553 47.8021 42.6497 46.6197 42.0156 36.9072 44.9857 35.0000 35.9615 40.4138 58.8774 52.0595 62.2398 68.9406 40.0666 25.1327 57.4236 59.3356 72.0000 19.8995 54.0454 49.6989 28.4391 59.7695 68.1893 10.0000 74.3273 60.8035
58.1664 28.0278 27.0294 52.0595 48.8330 48.1182 48.2753 46.1248 46.4005 44.1321 43.6155 101.7878 102.5743 98.8144 97.6641 94.8528 95.7030 93.8630 91.3019 92.7647 50.1622 48.4708 80.0928 34.1868 36.9258 23.6015 16.3246 73.3246 71.0328 48.0132 26.1245 23.0384 66.3205 34.2074 45.4683 69.2115 28.0278 20.0000 74.3273 10.0000 37.8029
30.5183 26.0000 31.0000 44.9857 39.6816 35.6125 43.1059 34.4131 42.3110 33.3238 41.3209 79.1809 79.0000 76.1891 74.0000 72.2013 72.0000 71.2046 69.8415 69.0000 44.0000 38.0179 56.0000 15.0990 20.7703 37.3130 31.9317 49.0000 51.7852 20.2956 26.1555 46.6197 51.0488 42.1403 21.7047 48.8973 22.0830 27.8045 60.8035 37.8029 10.0000
0         960      
371       491      
653       773      
0         904      
0         909      
0         914      
0         905      
0         915      
201       321      
0         914      
784       904      
0         891      
0         892      
0         894      
0         897      
0         898      
0         899      
0         898      
0         898      
0         902      
0         904      
0         911      
0         914      
0         925      
0         923      
782       902      
0         907      
167       287      
0         910      
0         938      
645       765      
0         892      
268       388      
764       884      
0         930      
0         914      
0         917      
359       479      
0         897      
0         901      
308       428      
# Sum of service times: 400
