28
0.0000 58.5235 57.0088 55.7136 52.2015 52.0000 50.2892 51.0784 51.4782 47.4342 35.3412 33.5410 18.0278 15.8114 29.1548 39.0512 13.0384 25.2982 25.4951 42.9418 7.6158 12.0416 27.0185 35.4683 52.4786 4.2426 12.0416 17.1172
68.5235 10.0000 15.0000 13.0000 17.0711 17.0000 18.6023 18.0000 21.1803 21.1803 33.5372 51.2311 55.2769 71.0328 40.4138 41.6228 64.4518 43.2415 49.0512 49.3573 60.9215 63.8516 48.0132 42.7567 47.5366 70.4401 57.5395 52.0476
67.0088 15.0000 10.0000 15.8310 15.0000 18.6023 17.0000 19.4340 24.1421 20.0000 33.0000 52.7200 55.0000 68.3095 40.0000 43.5410 64.0370 41.7805 46.0555 51.8808 59.4773 61.4296 48.4708 44.1760 51.0366 69.2284 56.5296 50.1622
65.7136 13.0000 15.8310 10.0000 15.3852 14.0000 16.4031 15.0000 18.6023 18.6023 30.6155 48.3275 52.2966 68.6003 37.4591 38.7924 61.4782 40.4631 46.7967 46.7151 58.1041 61.3128 45.0143 39.8329 45.3553 67.5674 54.6430 49.3573
62.2015 17.0711 15.0000 15.3852 10.0000 15.3852 12.0000 15.8310 21.1803 15.0000 28.0000 48.0789 50.0000 64.0833 35.0000 39.1548 59.0408 36.9258 42.0156 47.8021 54.6430 57.0106 43.5410 39.5466 47.8021 64.3415 51.5933 45.4683
62.0000 17.0000 18.6023 14.0000 15.3852 10.0000 15.0000 11.0000 15.8310 15.8310 26.7631 44.4819 48.3275 65.4437 33.5372 35.0799 57.5184 36.8328 43.9706 43.2866 54.3847 58.0104 41.0161 35.9615 42.6497 63.7587 50.8044 45.8469
60.2892 18.6023 17.0000 16.4031 12.0000 15.0000 10.0000 15.0990 20.4403 13.0000 26.0000 46.2491 48.0000 62.4309 33.0000 37.4591 57.0425 35.0000 40.4795 46.2353 52.7200 55.2769 41.5753 37.7308 46.6197 62.3927 49.6232 43.6155
61.0784 18.0000 19.4340 15.0000 15.8310 11.0000 15.0990 10.0000 15.3852 15.3852 25.8114 43.5261 47.3363 64.6717 32.5610 34.1661 56.5296 35.9422 43.3017 42.4500 53.4626 57.2017 40.0167 35.0000 42.0156 62.8110 49.8497 44.9857
61.4782 21.1803 24.1421 18.6023 21.1803 15.8310 20.4403 15.3852 10.0000 20.0000 26.4012 40.4138 46.4005 66.5685 32.3607 30.6155 55.6070 37.0185 46.0555 38.1780 53.9090 58.8365 38.2843 32.0907 36.9072 62.8015 49.8121 46.2353
57.4342 21.1803 20.0000 18.6023 15.0000 15.8310 13.0000 15.3852 20.0000 10.0000 23.0000 43.5410 45.0000 60.0000 30.0000 35.0000 54.0454 32.1359 38.2843 43.9706 49.8497 52.7200 38.6356 35.0599 44.9857 59.4773 46.6742 40.8707
45.3412 33.5372 33.0000 30.6155 28.0000 26.7631 26.0000 25.8114 26.4012 23.0000 10.0000 32.6716 32.0000 50.3609 17.0000 26.5529 41.0644 20.6301 31.1896 35.9422 37.7308 42.5269 26.1555 25.0000 40.4138 47.0000 34.0416 29.8494
43.5410 51.2311 52.7200 48.3275 48.0789 44.4819 46.2491 43.5261 40.4138 43.5410 32.6716 10.0000 25.8114 56.0977 28.0278 20.0000 32.0227 33.7697 46.4005 19.4340 38.1603 48.4708 19.2195 18.5440 29.2094 42.4500 32.8035 38.0713
28.0278 55.2769 55.0000 52.2966 50.0000 48.3275 48.0000 47.3363 46.4005 45.0000 32.0000 25.8114 10.0000 40.4138 25.0000 31.2132 19.2195 25.6525 35.0000 35.0799 22.3693 33.0217 19.2195 27.6918 44.4819 27.6918 17.0711 24.7648
25.8114 71.0328 68.3095 68.6003 64.0833 65.4437 62.4309 64.6717 66.5685 60.0000 50.3609 56.0977 40.4138 10.0000 46.0555 59.2443 38.2843 39.8329 32.3607 65.0818 28.1108 18.0623 47.9473 55.6946 73.9062 29.6977 33.3452 30.8087
39.1548 40.4138 40.0000 37.4591 35.0000 33.5372 33.0000 32.5610 32.3607 30.0000 17.0000 28.0278 25.0000 46.0555 10.0000 25.0000 34.0832 17.0711 30.0000 33.5372 31.6333 38.0179 20.0000 22.1655 40.0666 40.4631 27.4642 25.2643
49.0512 41.6228 43.5410 38.7924 39.1548 35.0799 37.4591 34.1661 30.6155 35.0000 26.5529 20.0000 31.2132 59.2443 25.0000 10.0000 39.4109 32.0227 45.0000 19.4340 42.4500 51.2311 22.0416 13.6056 25.1327 48.8973 37.2029 39.1204
23.0384 64.4518 64.0370 61.4782 59.0408 57.5184 57.0425 56.5296 55.6070 54.0454 41.0644 32.0227 19.2195 38.2843 34.0832 39.4109 10.0000 33.5372 40.0000 41.4006 21.6619 32.4722 27.8885 36.0768 51.2311 20.7703 19.4340 29.4165
35.2982 43.2415 41.7805 40.4631 36.9258 36.8328 35.0000 35.9422 37.0185 32.1359 20.6301 33.7697 25.6525 39.8329 17.0711 32.0227 33.5372 10.0000 23.0384 40.2655 27.7200 31.9317 24.7648 29.0263 47.1214 37.4591 25.0000 19.2195
35.4951 49.0512 46.0555 46.7967 42.0156 43.9706 40.4795 43.3017 46.0555 38.2843 31.1896 46.4005 35.0000 32.3607 30.0000 45.0000 40.0000 23.0384 10.0000 53.2897 29.6977 26.2788 37.2029 42.0624 60.0400 39.1204 30.6155 20.6301
52.9418 49.3573 51.8808 46.7151 47.8021 43.2866 46.2353 42.4500 38.1780 43.9706 35.9422 19.4340 35.0799 65.0818 33.5372 19.4340 41.4006 40.2655 53.2897 10.0000 47.3363 57.2969 27.2627 21.4018 19.8995 51.8808 41.9531 46.1248
17.6158 60.9215 59.4773 58.1041 54.6430 54.3847 52.7200 53.4626 53.9090 49.8497 37.7308 38.1603 22.3693 28.1108 31.6333 42.4500 21.6619 27.7200 29.6977 47.3363 10.0000 21.1803 30.5913 38.8444 56.5188 20.0000 15.3852 20.0499
22.0416 63.8516 61.4296 61.3128 57.0106 58.0104 55.2769 57.2017 58.8365 52.7200 42.5269 48.4708 33.0217 18.0623 38.0179 51.2311 32.4722 31.9317 26.2788 57.2969 21.1803 10.0000 40.0832 47.6962 65.9732 26.2788 26.0000 22.8062
37.0185 48.0132 48.4708 45.0143 43.5410 41.0161 41.5753 40.0167 38.2843 38.6356 26.1555 19.2195 19.2195 47.9473 20.0000 22.0416 27.8885 24.7648 37.2029 27.2627 30.5913 40.0832 10.0000 18.4853 36.0000 36.9072 25.2643 29.0000
45.4683 42.7567 44.1760 39.8329 39.5466 35.9615 37.7308 35.0000 32.0907 35.0599 25.0000 18.5440 27.6918 55.6946 22.1655 13.6056 36.0768 29.0263 42.0624 21.4018 38.8444 47.6962 18.4853 10.0000 28.4391 45.3836 33.6008 35.7099
62.4786 47.5366 51.0366 45.3553 47.8021 42.6497 46.6197 42.0156 36.9072 44.9857 40.4138 29.2094 44.4819 73.9062 40.0666 25.1327 51.2311 47.1214 60.0400 19.8995 56.5188 65.9732 36.0000 28.4391 10.0000 61.6140 51.1461 54.1475
14.2426 70.4401 69.2284 67.5674 64.3415 63.7587 62.3927 62.8110 62.8015 59.4773 47.0000 42.4500 27.6918 29.6977 40.4631 48.8973 20.7703 37.4591 39.1204 51.8808 20.0000 26.2788 36.9072 45.3836 61.6140 10.0000 23.0000 30.0250
22.0416 57.5395 56.5296 54.6430 51.5933 50.8044 49.6232 49.8497 49.8121 46.6742 34.0416 32.8035 17.0711 33.3452 27.4642 37.2029 19.4340 25.0000 30.6155 41.9531 15.3852 26.0000 25.2643 33.6008 51.1461 23.0000 10.0000 20.0000
27.1172 52.0476 50.1622 49.3573 45.4683 45.8469 43.6155 44.9857 46.2353 40.8707 29.8494 38.0713 24.7648 30.8087 25.2643 39.1204 29.4165 19.2195 20.6301 46.1248 20.0499 22.8062 29.0000 35.7099 54.1475 30.0250 20.0000 10.0000
0         960      
389       788      
57        600      
55        575      
52        536      
90        521      
50        534      
425       898      
51        602      
342       751      
351       782      
161       610      
390       843      
110       525      
29        548      
39        593      
404       847      
100       555      
81        520      
125       530      
444       942      
249       580      
259       650      
198       609      
325       897      
204       633      
442       937      
265       638      
# Sum of service times: 270
