33
0.0000 38.0789 30.8058 39.3573 36.0555 40.3113 33.3017 35.3553 39.0512 31.6228 33.5261 32.3883 35.3553 39.2938 41.2311 40.3113 37.7359 37.2022 38.3275 20.0000 14.1421 26.9258 15.8114 10.0000 9.2195 19.6469 39.2938 32.5576 38.4708 14.7648 17.8885 14.1421 19.2354
48.0789 10.0000 20.4403 13.0000 17.0711 15.0000 22.2066 24.1421 21.1803 57.4342 58.1041 53.4626 54.7214 60.5371 61.4782 57.1699 15.8310 18.6023 56.1411 45.3553 35.4951 36.9258 38.2843 39.1548 43.5410 28.8680 43.9706 43.6155 35.4951 52.0476 37.0185 43.0151 28.9737
40.8058 20.4403 10.0000 20.0000 15.3852 20.1980 14.0000 17.0000 18.6023 47.0000 47.6962 43.1059 44.4819 50.3113 51.3401 47.2022 17.2801 16.4031 46.0555 35.0799 27.0000 26.5529 35.0799 33.4307 34.6982 24.3178 35.0000 33.6008 27.4642 42.3883 27.1172 33.3452 22.0416
49.3573 13.0000 20.0000 10.0000 15.3852 12.0000 20.7703 22.2066 18.6023 56.5725 57.1275 52.3792 53.4626 59.2443 60.0899 55.6508 13.6056 16.4031 54.7214 45.0571 36.2488 35.9615 40.4795 40.8058 44.2053 30.6155 42.0156 42.2025 33.3452 52.2966 37.0740 43.2415 30.1246
46.0555 17.0711 15.3852 15.3852 10.0000 15.0000 15.3852 17.0711 15.0000 51.2311 51.7612 47.0000 48.0789 53.8634 54.7214 50.3113 12.0000 12.0000 49.3573 40.0000 32.3607 30.6155 39.1548 38.2843 40.0832 28.6011 36.9072 36.8328 28.4391 47.6563 32.3607 38.6356 27.0294
50.3113 15.0000 20.1980 12.0000 15.0000 10.0000 20.1980 21.1803 17.0711 56.0977 56.5725 51.7612 52.7200 58.4665 59.2443 54.7214 13.0000 15.3852 53.8634 45.0000 36.9258 35.4951 42.0156 42.0156 44.7851 31.9317 40.8058 41.3847 32.0227 52.5793 37.2947 43.5410 31.0950
43.3017 22.2066 14.0000 20.7703 15.3852 20.1980 10.0000 13.0000 15.8310 45.9026 46.4005 41.6228 42.6956 48.4838 49.3573 44.9857 17.2801 15.0000 44.0000 35.0799 29.2094 25.2971 38.7924 36.6271 36.4197 28.0278 31.9317 31.4709 23.8924 43.2415 28.0278 34.3516 25.2643
45.3553 24.1421 17.0000 22.2066 17.0711 21.1803 13.0000 10.0000 15.0000 45.3553 45.6931 40.8058 41.6228 47.3363 48.0789 43.5410 18.6023 15.8310 42.6956 35.4951 31.2132 25.0000 41.6228 39.1548 38.0179 30.8806 29.8494 30.2485 21.4018 44.1760 29.2354 35.4951 27.8885
49.0512 21.1803 18.6023 18.6023 15.0000 17.0711 15.8310 15.0000 10.0000 50.3113 50.6079 45.6931 46.4005 52.0595 52.7200 48.0789 15.3852 13.0000 47.3363 40.4138 35.0000 30.0000 43.5410 42.0156 42.2490 32.8254 33.8537 35.0000 25.0000 48.8973 33.7697 40.0832 30.6155
41.6228 57.4342 47.0000 56.5725 51.2311 56.0977 45.9026 45.3553 50.3113 10.0000 12.0000 15.3852 17.0711 18.0000 20.0000 21.1803 53.1741 50.7922 19.4340 24.1421 38.2843 30.6155 53.0116 46.0555 34.1868 48.2884 31.5407 26.1245 38.2843 27.2627 32.8035 30.0000 44.2053
43.5261 58.1041 47.6962 57.1275 51.7612 56.5725 46.4005 45.6931 50.6079 12.0000 10.0000 15.0000 15.8310 16.0000 18.0000 19.4340 53.6807 51.2311 17.8102 25.6205 39.7321 31.1896 54.6542 47.7359 35.9422 49.6232 30.8806 26.0000 38.0713 29.2354 34.0832 31.6333 45.4683
42.3883 53.4626 43.1059 52.3792 47.0000 51.7612 41.6228 40.8058 45.6931 15.3852 15.0000 10.0000 13.0000 17.8102 19.4340 18.0000 48.8973 46.4005 16.0000 23.0000 36.6271 26.5529 52.0595 45.3412 34.0416 46.1248 26.1555 21.0000 33.0868 29.1050 30.6155 29.3132 41.8277
45.3553 54.7214 44.4819 53.4626 48.0789 52.7200 42.6956 41.6228 46.4005 17.0711 15.8310 13.0000 10.0000 15.8310 17.0711 15.0000 49.9249 47.3363 13.0000 25.8114 39.1548 28.0278 54.7214 48.0789 36.9258 48.4187 25.2971 21.4018 33.0217 32.0907 33.0217 32.1359 44.0588
49.2938 60.5371 50.3113 59.2443 53.8634 58.4665 48.4838 47.3363 52.0595 18.0000 16.0000 17.8102 15.8310 10.0000 12.0000 15.3852 55.6946 53.0813 15.0000 30.5913 44.4093 33.8537 59.7393 52.9418 41.3847 53.9318 30.0000 27.0880 38.2843 35.1794 38.4253 36.8328 49.6232
51.2311 61.4782 51.3401 60.0899 54.7214 59.2443 49.3573 48.0789 52.7200 20.0000 18.0000 19.4340 17.0711 12.0000 10.0000 15.0000 56.5188 53.8634 15.3852 32.3607 46.0555 35.0000 61.4782 54.7214 43.2415 55.4533 30.0998 27.8885 38.6356 37.1662 40.0000 38.6356 51.1096
50.3113 57.1699 47.2022 55.6508 50.3113 54.7214 44.9857 43.5410 48.0789 21.1803 19.4340 18.0000 15.0000 15.3852 15.0000 10.0000 52.0595 49.3573 12.0000 30.6155 43.5410 31.2132 59.2443 52.7200 41.7805 52.4382 25.1327 23.6015 33.7697 37.0740 37.2947 36.9258 48.0132
47.7359 15.8310 17.2801 13.6056 12.0000 13.0000 17.2801 18.6023 15.3852 53.1741 53.6807 48.8973 49.9249 55.6946 56.5188 52.0595 10.0000 12.8284 51.1461 42.0000 34.1661 32.5610 40.2324 39.7321 41.9531 29.8494 38.4253 38.6356 29.7990 49.6232 34.3311 40.5941 28.6011
47.2022 18.6023 16.4031 16.4031 12.0000 15.3852 15.0000 15.8310 13.0000 50.7922 51.2311 46.4005 47.3363 53.0813 53.8634 49.3573 12.8284 10.0000 48.4838 40.0666 33.3238 30.2237 40.8869 39.7321 40.8707 30.2485 35.6125 36.0000 26.9706 48.0789 32.8035 39.1204 28.3848
48.3275 56.1411 46.0555 54.7214 49.3573 53.8634 44.0000 42.6956 47.3363 19.4340 17.8102 16.0000 13.0000 15.0000 15.3852 12.0000 51.1461 48.4838 10.0000 28.6815 41.7648 29.8494 57.4236 50.8534 39.8329 50.8044 25.0000 22.5300 33.3452 35.0799 35.5539 35.0000 46.4005
30.0000 45.3553 35.0799 45.0571 40.0000 45.0000 35.0799 35.4951 40.4138 24.1421 25.6205 23.0000 25.8114 30.5913 32.3607 30.6155 42.0000 40.0666 28.6815 10.0000 24.1421 21.1803 39.1548 32.3607 21.1803 34.2074 30.5913 23.4164 32.8035 19.8995 18.9443 16.3246 30.2485
24.1421 35.4951 27.0000 36.2488 32.3607 36.9258 29.2094 31.2132 35.0000 38.2843 39.7321 36.6271 39.1548 44.4093 46.0555 43.5410 34.1661 33.3238 41.7648 24.1421 10.0000 25.0000 25.8114 20.0000 18.0623 20.2956 38.0000 32.3607 35.2982 27.2627 16.3246 18.9443 17.0711
36.9258 36.9258 26.5529 35.9615 30.6155 35.4951 25.2971 25.0000 30.0000 30.6155 31.1896 26.5529 28.0278 33.8537 35.0000 31.2132 32.5610 30.2237 29.8494 21.1803 25.0000 10.0000 40.4138 35.0000 27.8885 31.9317 23.0000 18.0623 22.0416 30.8087 19.2195 23.6015 27.4642
25.8114 38.2843 35.0799 40.4795 39.1548 42.0156 38.7924 41.6228 43.5410 53.0116 54.6542 52.0595 54.7214 59.7393 61.4782 59.2443 40.2324 40.8869 57.4236 39.1548 25.8114 40.4138 10.0000 17.0711 29.1050 20.7703 53.2897 48.0789 49.1152 38.4253 32.1359 33.0217 24.1421
20.0000 39.1548 33.4307 40.8058 38.2843 42.0156 36.6271 39.1548 42.0156 46.0555 47.7359 45.3412 48.0789 52.9418 54.7214 52.7200 39.7321 39.7321 50.8534 32.3607 20.0000 35.0000 17.0711 10.0000 22.0416 20.2956 48.0000 42.2490 44.9285 31.4009 26.1245 26.1245 21.4018
19.2195 43.5410 34.6982 44.2053 40.0832 44.7851 36.4197 38.0179 42.2490 34.1868 35.9422 34.0416 36.9258 41.3847 43.2415 41.7805 41.9531 40.8707 39.8329 21.1803 18.0623 27.8885 29.1050 22.0416 10.0000 27.4642 40.0832 33.3452 39.6816 19.8489 19.2195 15.0000 25.0000
29.6469 28.8680 24.3178 30.6155 28.6011 31.9317 28.0278 30.8806 32.8254 48.2884 49.6232 46.1248 48.4187 53.9318 55.4533 52.4382 29.8494 30.2485 50.8044 34.2074 20.2956 31.9317 20.7703 20.2956 27.4642 10.0000 44.2053 39.9666 39.0172 37.2029 25.5563 29.2354 14.4721
49.2938 43.9706 35.0000 42.0156 36.9072 40.8058 31.9317 29.8494 33.8537 31.5407 30.8806 26.1555 25.2971 30.0000 30.0998 25.1327 38.4253 35.6125 25.0000 30.5913 38.0000 23.0000 53.2897 48.0000 40.0832 44.2053 10.0000 17.2111 18.9443 40.2324 32.0907 35.2982 39.8329
42.5576 43.6155 33.6008 42.2025 36.8328 41.3847 31.4709 30.2485 35.0000 26.1245 26.0000 21.0000 21.4018 27.0880 27.8885 23.6015 38.6356 36.0000 22.5300 23.4164 32.3607 18.0623 48.0789 42.2490 33.3452 39.9666 17.2111 10.0000 22.1655 33.0217 26.1245 28.4391 35.4951
48.4708 35.4951 27.4642 33.3452 28.4391 32.0227 23.8924 21.4018 25.0000 38.2843 38.0713 33.0868 33.0217 38.2843 38.6356 33.7697 29.7990 26.9706 33.3452 32.8035 35.2982 22.0416 49.1152 44.9285 39.6816 39.0172 18.9443 22.1655 10.0000 42.6497 30.5913 35.6125 35.0200
24.7648 52.0476 42.3883 52.2966 47.6563 52.5793 43.2415 44.1760 48.8973 27.2627 29.2354 29.1050 32.0907 35.1794 37.1662 37.0740 49.6232 48.0789 35.0799 19.8995 27.2627 30.8087 38.4253 31.4009 19.8489 37.2029 40.2324 33.0217 42.6497 10.0000 25.2971 19.0554 34.3311
27.8885 37.0185 27.1172 37.0740 32.3607 37.2947 28.0278 29.2354 33.7697 32.8035 34.0832 30.6155 33.0217 38.4253 40.0000 37.2947 34.3311 32.8035 35.5539 18.9443 16.3246 19.2195 32.1359 26.1245 19.2195 25.5563 32.0907 26.1245 30.5913 25.2971 10.0000 16.3246 21.4018
24.1421 43.0151 33.3452 43.2415 38.6356 43.5410 34.3516 35.4951 40.0832 30.0000 31.6333 29.3132 32.1359 36.8328 38.6356 36.9258 40.5941 39.1204 35.0000 16.3246 18.9443 23.6015 33.0217 26.1245 15.0000 29.2354 35.2982 28.4391 35.6125 19.0554 16.3246 10.0000 25.8114
29.2354 28.9737 22.0416 30.1246 27.0294 31.0950 25.2643 27.8885 30.6155 44.2053 45.4683 41.8277 44.0588 49.6232 51.1096 48.0132 28.6011 28.3848 46.4005 30.2485 17.0711 27.4642 24.1421 21.4018 25.0000 14.4721 39.8329 35.4951 35.0200 34.3311 21.4018 25.8114 10.0000
0         960      
0         911      
0         919      
0         910      
644       764      
0         909      
0         916      
0         914      
367       487      
0         918      
195       315      
0         917      
0         914      
174       294      
0         908      
0         909      
0         912      
0         912      
0         911      
375       495      
599       719      
0         923      
0         934      
0         940      
157       277      
0         930      
0         910      
0         917      
352       472      
0         935      
0         932      
0         935      
810       930      
# Sum of service times: 320
